12
482
638
658
1727
1870
2275
2290
3234
3292
5142
5160
5196
5676
5791
5871
6571
6795
6951
7709
8346
8549
8669
8817
8842
8864
9292
9496
10378
11021
11208
12780
13193
13258
13362
13571
13610
13616
14201
14647
16515
16861
17734
17769
17788
18474
20943
21232
21543
21945
22434
22459
22813
23541
23810
24009
26400
27239
27390
27540
27628
28937
30110
30141
30427
30536
31334
31692
32169
32774
33386
34033
34400
34556
35603
35790
37647
38100
38186
39968
42591
43216
43329
43374
43749
43806
45611
45808
45930
45979
46509
46577
47442
47482
47597
47687
47818
47933
48322
49091
49163
49241
49406
49635
49646
49802
50317
50673
50901
51143
51270
51466
51495
51570
51609
52029
52067
52360
52619
52870
52994
53532
53920
54116
54116
55000
55192
55374
55720
56064
56455
56577
56702
56840
57112
57849
58021
58093
58664
58705
58807
58842
58859
59067
60661
61434
61690
61832
62005
62119
62334
62779
63222
63946
64174
64553
64994
65079
65122
65212
66041
66321
66449
66719
67183
67279
67474
67721
68005
68045
68601
68725
70403
70583
71516
71791
72140
72224
72559
73044
73326
73593
74346
74764
74784
75072
75313
75454
75557
75966
76507
76893
76940
77033
78837
79043
79858
79872
80508
81408
81482
81544
82194
82586
83332
83442
83463
84098
84855
85229
85392
85720
88074
88605
89279
89874
90273
91352
91488
91754
91837
92075
92138
92597
92627
92668
92714
92992
93231
93484
94131
94327
94735
94920
94989
95251
95587
95652
96705
96983
96994
97412
97551
97907
97971
98238
98421
98496
100268
100283
100534
100543
100998
101333
101860
102369
102687
103452
104909
104923
104950
104972
104977
105785
106342
106633
107056
107980
108666
108681
109862
110428
110600
110765
111649
112209
112820
113835
113984
114553
115687
116031
116120
116369
116578
117068
117798
118433
118496
118554
118727
118895
119127
119181
119273
119343
119877
119972
120089
120325
120341
120396
121882
122349
123566
123675
123722
124400
124779
124792
124896
125828
126273
126324
126401
127161
127411
127714
127778
128019
128235
128264
128499
128667
128738
128888
128989
129097
129160
129831
130005
130580
130925
131126
131411
131423
131476
132030
132183
132568
133233
133382
133524
133664
133950
134776
135362
135601
135824
136224
136257
136822
137553
137733
138051
138636
139051
139395
139726
139745
140867
141175
141554
141770
142248
143055
143699
143804
143844
144145
144438
144786
144842
145113
145126
145684
145929
146425
147943
148144
148245
148519
148609
148959
148982
149064
149796
149883
150034
150123
151078
151185
151209
151253
151985
152140
152289
152734
152802
152827
153363
153399
153653
154586
154930
155859
156237
156295
156979
157883
158991
159186
159437
159475
159500
160511
160614
160734
161019
161779
162392
163205
163879
163896
163967
164130
164169
164568
164833
164851
165403
165628
167338
167462
167715
168108
168188
168595
169595
169603
169655
169986
170733
170754
171149
171637
171659
172101
172251
172489
173051
173135
173196
173315
173659
173738
175207
175365
175659
177069
177840
177841
177904
178440
178996
179052
179081
179329
179404
180811
181134
181336
181382
181633
181903
182151
182386
182510
182540
182698
182773
183116
183413
183466
183623
183671
183752
183956
184797
184920
185100
185484
185498
186149
187314
187426
187553
187566
187760
188148
189192
190572
190738
191241
191382
191660
192966
193021
193634
194092
194267
194422
194517
194650
195101
195679
196085
196087
196260
196326
196349
196473
196702
197485
197651
197903
198777
199107
199359
200806
201027
201206
201253
201309
201598
201823
201854
202376
202911
203228
203427
203512
203756
204000
205570
205671
206142
206581
206996
207665
208407
208619
208678
209268
209556
209656
209763
209784
210298
210592
210660
211460
211511
212287
212854
212910
213340
213836
214311
215648
215657
216670
217015
217178
217491
217535
217863
218009
218360
219093
219156
219179
219795
219838
220320
220875
220992
221643
221996
222366
222502
222629
223019
223162
223211
223853
223872
223969
224155
224223
225243
225698
225965
226789
227040
227118
227144
227316
227411
227448
227946
227962
228353
229061
229933
230830
230980
231336
232177
232560
232565
233318
233864
233949
234212
234385
234798
234918
234952
235487
235536
236552
236595
236599
236728
236752
238025
238416
238513
239097
239164
239511
239678
240163
240612
241630
241835
242077
242085
242601
242922
243053
243337
244291
244419
244478
245106
245351
245427
245582
246142
246646
246663
247999
249229
250202
250397
250738
250784
250828
252155
252590
253861
253970
254343
254516
257226
257288
257631
257714
258164
258803
259171
260287
260363
260461
260868
260929
261039
261160
261318
261435
261469
261752
262126
262405
262670
262699
262781
262887
264198
265446
265728
265768
266346
266742
266773
266861
266940
266994
267323
268205
268400
268427
268520
268811
268835
268899
269004
270678
270685
271044
271532
271701
272032
272484
272795
272824
272915
273013
273178
273254
274351
274946
275109
275385
275482
276072
276807
277306
277797
277854
277870
278817
279794
280054
281139
281258
281383
281629
281649
282237
282506
282557
282744
283319
283992
284139
284673
284865
284903
284991
285298
285353
285570
285604
286494
286584
286784
287171
287219
287229
287396
287890
288348
288701
289271
289525
289565
289982
290526
290978
291072
291111
291874
291981
293058
293108
293113
293180
293253
293567
293615
293688
294923
295258
295828
296574
296616
296739
296847
297469
297786
297945
298774
299332
299343
299729
300379
300571
301128
301194
301776
301958
302011
302148
302439
302615
302842
303874
304319
304461
304640
304786
305315
306912
307702
307763
308127
308578
309432
309624
309624
309913
310114
310392
312213
312320
312512
312644
312649
312724
313277
314302
314314
315000
315125
315514
315690
315731
315867
315903
315916
316326
317136
317514
317893
318179
318396
318404
319016
319026
320208
320270
320686
321236
321437
322115
322145
322762
323080
323290
323793
323827
324090
324419
324913
325887
326382
326419
326866
327605
327677
328276
328582
328827
329283
329477
329505
329859
331548
331564
332086
332677
332970
333045
333430
334155
334935
335033
335121
335159
335210
335310
335927
336123
336152
336735
336894
336963
336993
337404
337725
338300
338349
338403
338427
338456
339608
339718
339938
340197
340345
340346
340783
341851
342150
342241
342617
343113
343244
343962
344102
344322
344455
344943
345571
345586
346049
346206
346677
346767
348223
348602
349125
349316
349918
350824
351496
351650
352315
352617
352977
353034
354318
354794
355489
355671
355819
356212
356557
356677
356763
356898
357101
357113
357383
357426
358109
358353
358389
358507
358540
358641
359241
359266
359315
359360
359556
359763
359845
360168
360233
360365
360847
361014
361561
361592
362053
362199
363574
363709
364180
364292
364531
364721
365045
365440
365829
366062
366733
367624
367817
368136
368505
368666
370009
370086
370255
370698
370864
371693
372274
372785
372955
373473
373954
374335
375205
375442
375952
376172
376604
376622
377227
378098
378416
378536
379224
379332
379448
379467
379680
379887
380306
380409
380699
381135
382064
382073
382128
382174
383386
383561
384021
384406
384502
385043
385398
386180
386362
387016
387063
387130
387286
387634
387766
387927
388113
388200
388445
388781
388791
388825
389092
389985
390153
390609
390675
391275
391985
392036
392070
392253
392452
392541
392936
393269
393430
393462
393655
394089
394451
394551
394713
395412
395673
395989
396165
396573
397358
397726
397811
398563
398761
398799
398966
399040
399156
399535
399586
399676
400920
401167
401993
402403
402584
402594
404103
404760
404859
404887
404987
406579
406632
406848
406895
407317
407497
408096
408337
408825
409107
409181
409768
409873
409920
411071
411288
411607
411783
412176
412189
413523
413644
413872
414329
415009
415323
415812
416058
416239
416504
416615
416957
418040
418074
418503
418750
419452
419588
419744
420246
420813
421585
422014
422304
422464
422473
422666
422671
423225
423467
423563
423606
424247
424367
424454
424827
424859
424949
425213
425816
425989
426351
426426
426706
427102
428045
428876
429063
429931
429999
430932
430961
431175
431263
432010
432586
433316
433798
434042
434537
434954
435837
436578
436586
436650
437485
437789
437807
438177
438356
438760
439007
439114
439136
439603
439615
439918
440025
440325
440905
441027
442346
442685
443125
443198
443526
444565
444753
444794
445420
445459
445509
445785
446496
446637
446795
447239
447303
447701
447896
447910
447925
447955
448069
449178
449204
449383
449398
449472
450485
450532
450536
451351
451355
451478
451650
451671
451988
452107
452318
452813
453092
453522
455414
455637
455743
455756
455757
455927
456524
457292
457480
457969
458829
459379
459498
460773
461004
461592
461789
461836
462472
463834
464448
464835
465539
465618
465827
466006
466039
466793
466893
466988
467862
467884
468045
468426
468667
469216
469735
469911
470449
470495
471023
471174
471719
471724
471894
472826
473133
473551
474208
474660
474665
474774
474797
475086
475420
476087
476432
477116
477229
477411
477774
477785
477792
478524
478590
478720
478965
479200
479583
480095
480138
480658
481057
481328
481502
481990
482591
483215
483301
483440
483571
484486
484618
484643
484866
485038
485052
485278
485929
486281
487102
487339
488106
488433
488924
490434
490586
492298
492655
493031
493491
493875
493893
493896
494284
494303
494372
494569
494770
495242
495648
496154
496291
496656
496677
496699
496879
497009
498171
498577
499005
499390
499414
500188
500316
500534
501528
501595
502004
502150
502879
503432
503579
504288
504888
505061
505592
505805
506432
506448
506600
506808
506904
506919
507192
507600
508000
508117
508426
508738
508929
509327
509397
509432
509508
509727
510095
510265
510719
511490
512373
512521
512629
513051
513133
513212
513535
513687
513688
513900
513919
514255
514603
515090
515560
516245
516542
516764
517100
517293
518536
518625
518657
518684
519668
519768
519782
520161
521036
521195
521580
522694
523709
523898
523952
524169
524250
524507
524550
524822
525665
526080
526156
526625
526880
527000
527060
527168
527330
527634
528346
528713
529023
529280
529398
529446
529620
530139
530578
530689
530978
532152
532423
532610
532882
533329
533433
534566
535092
535172
535336
535437
535473
535559
535888
536046
536098
536128
536225
536752
536756
536900
537164
537236
538171
538231
538237
538952
539616
539712
539721
539725
539883
540360
540390
540608
540618
541366
541731
542517
542578
542687
543890
544555
545351
545515
545757
546208
547211
547982
548140
548154
548333
548367
548424
549363
550043
550051
550330
550378
550574
550892
551597
552346
552563
552669
552946
553225
553882
554029
554119
554159
554534
554935
555395
555529
555584
555750
556048
556143
556379
556754
556891
557403
557507
557648
558170
558201
558659
559287
559319
560079
562363
562920
563200
563322
563733
564128
564181
564282
564330
564384
564557
564690
564712
564858
565205
565213
565473
565805
565941
566023
566159
566298
566350
566394
566666
566888
566905
568591
568694
568763
569797
569984
570198
570290
570569
570625
570688
570828
571476
572229
573170
573732
573811
574163
574380
574887
576008
577677
577736
578004
578653
578870
578990
579005
579449
579796
579967
580849
581310
581657
582123
582242
582696
582703
582771
582951
583031
583189
583400
583870
584554
584670
584843
584971
585271
585366
585561
585580
585891
586148
586395
586749
587381
588718
588750
588913
588992
589137
589267
589342
589382
589496
589855
589857
590060
590569
590647
591008
591067
591118
591160
591229
591740
592663
592758
593663
593969
594024
594038
595011
596435
597015
597030
597231
597362
597475
597494
597519
597799
597944
598082
598385
598655
598657
598993
599336
599383
599795
599851
600162
600542
600945
600996
601588
601845
601935
601942
602017
602925
604703
604952
605215
605923
605988
606081
606348
606353
606516
607335
607458
608111
608654
608745
608923
609033
609076
609491
609546
609648
609671
609798
609861
610171
610784
610926
611294
611368
611437
611447
611548
611826
611880
613013
613062
613093
613524
614146
614905
614947
615223
615375
615540
615645
615760
615811
616127
616207
616371
617124
617128
617472
617551
619093
619340
619796
620512
621360
621380
621486
621668
621708
621738
622084
622253
622779
622916
623048
623377
623830
623896
624201
624253
624275
624766
624858
625275
625365
625673
625796
626155
626275
626772
627008
628170
628527
628653
628686
629138
629295
629913
630444
630786
631508
632112
632203
632356
632463
633327
633363
633502
633707
633757
634249
634377
634665
634893
634916
634942
636165
636275
636392
636551
636594
636611
636776
637571
637718
637879
638042
638195
638416
638473
638664
638792
638827
639006
639158
639166
640321
640931
641269
641500
641870
644038
644155
644204
644490
645217
645472
645668
645721
645842
646040
646733
646747
647440
647455
647891
648067
648702
648734
649056
649452
649533
649683
650068
650178
650439
650532
650623
650679
651028
651029
651364
651890
651895
652068
652227
652943
653105
653189
653207
654270
654483
654789
655438
655663
655889
656727
656928
657243
657475
657799
658311
658733
659210
659442
659799
659814
660117
660237
660543
660657
661090
661181
661831
661882
661883
662447
662845
662942
663191
663196
663237
663377
663477
663521
663640
663925
664330
664762
664768
664808
665379
665640
665747
666252
666410
666425
666692
666956
667829
667863
667888
668155
668162
668587
669508
669589
669881
670606
670992
671162
671716
671894
672417
672880
673572
673654
673991
674594
674673
674735
674853
674901
674914
675166
675367
677313
678272
678475
678860
679693
679819
680008
680907
681137
682557
682581
682731
682934
683435
683470
683725
683831
684407
684845
684953
685518
685662
685873
686084
686281
686744
686855
687129
687466
687516
688112
688453
688811
688912
689160
690072
690199
690483
690643
690907
691020
691541
692005
692335
692381
693275
693388
693458
693665
693681
693770
693877
695375
695397
696187
696511
696827
696901
697917
698302
698410
699068
699526
699853
700031
700098
701051
701090
701261
701543
701560
701817
702558
703794
704427
704700
704842
704870
705359
706267
706753
707127
707230
707238
707945
707996
708731
708943
709227
709277
709352
709548
709762
709976
711297
711371
711449
712807
713157
713228
713279
713595
713614
713915
714011
714918
714931
715659
715918
716514
716790
717119
717259
717261
717754
718451
718736
718964
718973
719632
719672
719866
720426
720496
720610
721085
721642
721661
722042
722273
722791
723086
723408
723643
724154
724333
724708
724982
725230
727449
728087
728575
730053
730311
730592
731098
732056
732284
732435
733340
733457
734153
734249
735273
736261
736332
737107
737522
737658
738400
738794
739115
740228
740394
740524
740550
741646
741737
743038
743853
744046
744123
744171
744232
744309
744464
744546
744990
745195
745500
745640
745781
745791
746273
747575
747626
748608
748640
748676
748802
748996
749325
749429
750404
750491
750918
751374
751461
751819
752017
752756
753009
753033
753296
753374
753555
753875
754378
754959
755770
756450
757758
757858
758107
758232
758378
759548
759876
760346
760461
760867
761711
761717
762081
762174
762197
762362
762738
762942
763279
763619
763626
763931
764732
765040
765048
765308
765667
765678
765680
769335
769362
769785
769843
769926
770532
770549
770625
770750
770753
770769
771518
771773
772008
772314
772740
772853
772903
773226
773347
773865
774229
774426
774510
774666
774792
775031
775231
775661
776630
777138
777565
777685
777816
777897
778190
778777
778926
779150
779424
780613
780927
781189
781439
782916
783420
784779
784888
786202
786845
787180
787216
787338
787920
788152
788438
788484
791356
791710
792540
792579
792724
792964
793270
793305
793497
793687
793715
794144
795043
795542
795855
796985
797078
797199
797505
798615
798768
799058
799129
799500
799538
800617
800646
800772
801279
801513
801555
801687
802319
802589
802638
803091
803286
803477
803576
803606
803989
804038
804207
804232
805420
805430
806119
806379
806487
806497
806582
806604
806748
806792
806945
807057
807396
807510
807888
807905
807997
809472
809669
810515
810918
811400
811731
812286
812421
812776
813183
813369
813588
813937
813955
814333
815091
815486
815685
816080
816085
816136
816699
816707
816746
817424
817742
818716
820144
820211
820569
820623
821371
821413
821926
823687
823724
824221
824305
824704
824818
825690
825912
827060
827297
827322
827639
827911
828025
828351
828370
828395
829416
829744
830560
830860
830954
831417
831619
832411
832874
832990
833799
834305
834431
835082
835530
835989
836873
836899
837058
837227
837357
837438
838321
839399
840243
840486
840652
841066
841655
841772
841791
841898
841975
841982
841988
842046
842303
842944
842970
843199
843566
843773
844843
845112
845890
846064
846727
846994
847119
847227
848363
848692
848774
850249
850319
850656
850978
851486
851522
852114
852239
854354
854781
855805
856199
856433
856468
856571
857022
857482
857793
857811
857914
858648
858655
859054
859182
859588
860396
860614
861571
862965
863245
863400
863500
863911
864395
864709
864957
865085
865189
865280
865350
865419
865638
866872
867044
867399
867405
867669
867875
868177
868266
868855
869585
869782
870211
870353
870531
870811
870880
871326
871339
871392
871959
872200
872270
874979
875024
875108
875274
875841
875897
876059
876264
876299
877123
877343
877358
877905
878904
879478
879805
880123
880440
880497
880619
880963
880990
881108
881392
881717
881885
881981
882178
882348
882799
883398
883418
884682
884866
885340
885481
885608
885801
885895
886298
886863
886989
887673
887812
887866
888081
888279
888979
889840
891133
891146
891275
891356
891357
891622
891846
892176
892562
892904
893072
893185
893235
893373
894684
895281
896273
897009
897026
897065
897192
897237
897273
898804
899065
899258
899755
899919
899981
900314
900502
900687
900743
900918
900941
901184
901202
901415
901700
902326
902596
903492
903591
903692
903761
904083
904676
906271
906656
906951
907132
907956
907971
909222
909397
909876
910401
910572
910615
910987
911240
911304
911375
911387
911432
912426
912499
912622
913284
913966
913971
914291
914339
914503
914730
915674
915957
916068
916948
916970
917090
917805
917806
917888
918164
918629
918884
919451
919506
919729
919774
920150
920285
920433
920795
920908
921147
921374
921420
921426
921660
922815
922895
923563
923922
924048
924115
924148
924397
924617
926118
926175
926355
926505
927593
927821
928180
928380
928836
929528
929694
930006
930011
930171
931746
931997
932361
932443
932537
932580
934252
934738
934892
935118
935142
935287
935421
936475
937224
938008
938993
939380
939904
940653
941101
941570
941834
942018
942023
942242
942706
943878
944140
944545
944594
944704
944848
946754
947172
947205
947549
948150
948721
948741
949636
950389
950737
950784
951121
952537
952741
953000
953042
953269
953451
953964
955458
956059
956139
956616
957226
957766
958012
958283
959022
959228
959578
959963
960061
960213
960369
960405
961518
961571
961649
961682
962669
962686
963063
963288
963982
964303
964477
964675
965044
965324
965784
966413
966690
966798
968413
968856
969352
969583
969887
969973
970067
970536
970568
971151
972817
972990
973461
974089
974328
974426
974960
975003
975532
975630
975940
975965
976622
977546
977913
978255
978511
978563
978842
978924
979232
979376
979500
980365
980907
980910
980971
981384
981531
982094
982170
982392
982917
983549
984080
984299
984376
985844
986434
987286
987332
987427
987621
987809
987870
987877
988246
988492
989324
989350
989398
989593
989773
990718
991050
991410
991584
991873
992791
992934
993096
993342
993429
993691
994105
994182
994558
994946
995749
996120
996129
997384
997892
998696
998995
999036
999345
999378
