115
206
2192
2272
2290
3345
4850
5181
5250
7465
7502
7969
8282
9030
9050
9207
9313
9965
10147
10715
11271
13838
14524
16536
16861
17261
17345
17998
18105
18466
18590
19197
19643
20666
21686
21945
22016
22322
22359
23209
24159
24594
26289
26557
26671
27027
28091
28973
30718
32500
33442
34013
34353
34570
34571
34964
36716
37166
37612
38594
39040
41702
42008
42340
43591
46790
48527
48954
49222
50296
50321
50413
50709
50873
50901
50974
51198
51294
52053
52360
52524
52870
52944
53742
54497
55374
55450
55997
56417
56616
57311
57701
57803
58068
58613
58842
59301
59487
59639
61832
62753
62826
63266
63686
64680
64810
64851
64994
66086
66316
66656
67033
67404
67434
67721
67723
69062
69827
69852
69870
70661
71209
71513
71714
71809
72685
72721
72914
73194
74171
74880
75371
76399
76670
78127
78200
78738
78935
79297
80930
81671
81695
81964
82002
82517
82954
83306
83536
85643
85772
86118
86126
86876
87211
88126
88751
88939
89563
89641
89652
89826
89913
91719
92138
92444
92597
92668
93110
93676
94494
94551
94989
95251
95587
95611
96332
97412
98421
98716
100268
101469
101906
103452
103710
104139
108681
109873
110076
110521
110709
110796
110846
110862
112289
113012
113947
114553
115394
115455
115687
118978
119343
120172
120325
121385
121882
122297
123182
123435
123667
123697
123703
123722
124374
124400
124704
124764
124792
125780
127544
127566
127801
127917
128019
128264
128534
128904
129154
129868
130628
130822
132039
133213
133954
134306
134917
135444
135824
136459
136845
136993
137446
137635
139115
139404
139662
141893
142221
142254
143053
143124
143305
143404
144438
144640
145126
145395
147267
148006
148021
148460
148687
149796
150034
150126
150286
150608
150863
151078
152703
153034
153145
154045
154684
155334
155356
155853
156986
158522
158726
160020
160766
161019
161074
162273
162441
162592
163858
164833
164851
165321
165994
166760
166802
167402
169200
169610
170745
171149
171274
171427
171456
171499
171637
171947
172221
172616
172846
172960
173336
173584
175395
176221
176514
177194
177538
177830
178732
179329
179404
179558
179576
180171
180688
181063
181069
182839
183413
183851
184223
184418
185211
187437
187553
187684
189003
190926
191241
191382
191584
192966
193021
193305
193742
195274
195364
195463
196097
196372
196686
196702
197147
199359
199522
199738
200109
200459
200517
200575
201253
201414
202323
202663
202779
203533
203979
204247
205671
205821
206508
208407
208678
208845
209078
209268
209915
210298
210380
210570
210621
212287
212390
213260
213836
214311
214618
215657
216649
216917
216924
217282
217535
218336
219179
219795
220369
222629
223657
223872
223915
225047
225407
225698
225860
225981
226606
227118
227183
227419
227551
229130
229368
230663
231238
231336
231778
232994
232998
233185
233367
234529
234542
235487
235830
235983
236087
236696
237106
237408
237588
237914
237940
238391
238816
239164
239678
240177
241278
241762
242085
242864
243051
243251
243660
243878
244162
244204
244433
244519
244876
245028
245202
245427
246062
246185
246432
247157
247211
247460
247683
248120
248755
250440
250738
250784
250873
251316
251386
251938
251990
251993
252013
252249
252268
252578
253424
253911
254069
254115
254620
254844
255686
255917
258290
258480
259533
259752
259810
260460
260536
260625
260797
261061
263088
263917
264186
264760
265306
266074
267323
268512
268992
269290
269691
270173
270665
272638
272663
272709
273013
273183
273254
273831
274026
274302
274351
275209
275912
276438
277854
278230
278303
278920
279107
279733
279783
279917
280174
280639
281649
282686
283356
283789
283818
284177
286163
286293
286395
287336
287968
288671
288746
289724
289788
289866
289921
292584
292967
293191
294339
294465
295007
295418
295835
296671
296766
297691
299572
299692
299695
302011
303920
305233
305293
305614
307106
307212
307328
308858
309149
310298
311263
312491
312649
312739
312751
313478
315916
316049
316800
317903
318127
319762
320254
320686
322965
323021
323229
324594
325268
326665
327602
328060
328582
328827
328989
329229
329505
330719
330938
332688
333221
333467
334234
335310
335478
335891
336435
336963
337178
337725
338300
338908
338989
339148
339608
339938
340345
340346
340620
341717
342213
342470
342507
342522
343250
344825
345586
346180
347468
348080
348276
349125
349321
349606
350155
350632
351082
351337
351612
351650
351832
352199
352617
353536
353588
353757
353784
353968
355367
355819
355907
356064
356313
356319
357101
357113
357160
357426
357657
357665
357788
358095
358130
358247
358540
359082
359664
359763
359833
361655
362053
362199
362662
362775
363832
364292
364649
366512
367057
367270
367512
367817
368136
368711
369116
369116
369701
370437
370595
370945
371278
372202
372274
372955
373231
373473
374335
374790
375057
375582
377481
377531
378517
378536
378541
378787
379224
380504
380996
381113
381120
381755
382064
382864
383023
383059
383377
384568
385147
385670
385874
385917
385924
387240
387286
387766
388113
389089
389597
392100
393430
393462
395673
395800
396784
397358
397392
397493
397554
397726
398887
399040
399156
399586
401167
401527
402160
403064
403559
403665
404103
404970
404987
405893
405985
406579
406656
406784
406895
407122
407926
408096
408105
408866
409305
410190
410917
411512
411783
412060
412284
412400
412808
413449
413780
414556
415009
415029
416557
417560
417979
418000
418001
418179
418377
418402
419400
419453
420768
421113
421575
421594
426109
426193
427109
427285
427408
427896
428074
428317
428968
429761
430248
430299
431254
431681
431684
431844
431957
432024
432036
435413
435950
436067
436578
437037
438496
439615
440249
440487
440774
440905
442173
442794
443198
443226
443642
446377
446637
447103
450105
450160
450532
451096
451440
452621
453447
453519
453702
454042
455057
455355
455424
455439
456315
456524
458333
460155
460172
460463
460993
461204
461743
461789
462066
463957
465566
465991
466028
467367
467862
468319
468329
468445
468488
471059
471156
471174
471249
471307
471894
474170
474695
475420
475710
475766
476516
477036
477885
478102
478720
479583
480000
480095
480106
480274
480748
480942
481990
482031
482558
483215
483330
484486
484618
484867
485929
486001
486117
486833
488433
489019
489708
492428
492577
493932
494244
494312
495856
496154
496938
496951
497176
497590
498004
498577
498810
499108
499390
499910
501432
501528
501881
503432
503561
504053
504288
504818
504819
504964
506919
507522
507799
507948
508124
508384
508750
508929
509079
509508
509801
509912
511386
511533
511957
512173
512896
513147
516245
517040
517196
517786
518052
518646
519769
521036
521265
521892
523115
523863
524250
525191
525670
525821
526652
527000
527220
527347
527634
528000
528713
529304
530689
532148
532423
533338
533369
533433
533975
534336
534410
535888
536375
536778
537164
537894
538289
538339
540619
541366
542472
542578
542625
542719
543447
543890
544155
544620
545757
547287
547743
548140
548333
548994
550482
551380
552563
552811
552946
552998
553225
553873
554029
555529
557773
557820
558030
559964
560736
560936
561023
563395
563858
564143
564229
564877
566008
566509
567492
567598
568039
568763
569734
570198
570203
570337
570375
570688
570833
570852
571597
571711
572021
573361
573851
573993
574096
574110
575441
577677
578004
579785
579796
580747
580849
581310
581657
582060
582496
582752
583492
583611
583734
584479
584843
585561
585836
586084
588421
588718
588847
588913
589267
589354
589681
589698
589857
590327
590649
591010
591067
591344
592663
592665
593663
595769
597839
597941
599014
599335
599336
600996
601050
601237
601845
601966
602017
602694
602925
603132
603840
604068
604156
605374
606127
606514
607913
608674
609195
609368
609491
609546
609861
610171
610514
610926
611294
611749
611779
612852
613093
614146
614584
614928
615270
615500
615686
615811
616031
617128
617175
617198
617840
618130
618256
619093
620024
621380
622084
622160
622253
622611
622779
623184
623377
624039
624275
624587
625130
625365
625796
626191
626856
627275
628295
628567
628686
628835
629138
629295
629420
630605
632112
632203
632327
632463
632632
633079
633422
634665
635175
635248
635333
637297
637571
637999
638042
638354
638427
638473
638664
638848
639158
640397
641008
641075
641269
641599
641768
644231
644419
644435
644487
644659
644914
645217
645987
648067
648600
648734
649001
649452
650178
650308
650439
650532
651835
653189
653501
654270
654316
654398
654789
655243
655687
656042
656242
656928
657224
657243
657346
657475
658389
658709
659010
659814
660237
661181
661320
662116
662217
662925
663196
663237
663477
663925
664031
665640
666764
666773
667137
667887
668108
668263
669829
669881
670621
670992
671162
671355
671473
671894
672417
673572
673654
673991
675455
675721
676015
676998
677704
678090
678272
678475
678860
679819
680285
680443
681007
681063
681137
682445
682548
682609
682934
683251
683681
683725
683831
684011
684423
684753
684953
685518
686084
686281
686744
687112
687466
689015
690072
690178
690816
691142
691541
692005
692149
692476
693458
694392
694757
695009
695235
696187
696985
696996
697912
698404
699853
700174
700516
701075
701261
701383
701543
702677
702994
703002
704700
704842
704870
706267
707040
707309
707618
708199
708731
708808
708926
708938
710241
710436
711514
712025
713432
715072
715073
715659
716026
716228
717742
717843
718684
718736
718746
718907
718964
719092
719399
719584
719866
720170
720449
721377
721625
721693
721744
722560
722690
722891
722896
724614
724703
724730
724844
725163
725306
725387
725499
725541
727289
727443
727967
728889
728893
730653
730709
730974
731529
732522
733841
736473
737380
737499
737664
737719
738078
739636
740987
741584
742177
742697
742938
743424
743625
743793
744097
744635
745349
745921
747007
747201
747362
747987
748691
748802
748996
749048
749619
750033
750096
750639
750651
751071
751672
751788
753022
753455
753861
755038
755225
755824
756437
757318
758155
758232
758613
759548
759645
759986
760167
760790
761298
761479
761495
761646
761679
762381
764378
764753
766914
767086
768498
768709
769787
770167
770483
770625
770977
771018
771918
772804
772853
773940
775595
775634
775661
775906
776461
777074
777087
777959
777980
779058
782025
782378
783216
783686
784262
784847
785253
786224
787063
787231
788080
788152
788184
788708
789323
790571
790784
790975
791125
791586
791818
792819
792921
793112
793575
793715
793801
794132
794267
796386
796827
797594
798093
798212
799799
800716
801274
801834
803039
803908
804207
804239
805382
805750
808245
808917
809369
810103
810534
811857
811865
813038
813372
813959
814449
814600
814728
815061
815873
816427
818489
819122
819435
819704
820190
820573
822140
824354
825005
825098
825417
825707
826996
827161
827919
828279
829092
830241
830731
830768
831627
832213
832337
834918
834986
835403
835460
835530
836194
836822
837253
839274
840396
841189
842725
843670
845204
845737
846504
846556
847261
847656
847657
851282
852409
852966
853900
854127
854372
854781
855658
857077
857425
857860
857914
858392
858606
858648
859148
859248
859787
860544
860640
861106
862120
862772
862901
863098
863245
863530
864395
865189
865350
865590
866167
866872
867229
867399
867405
868177
870211
871326
871912
871959
873555
875248
876264
877177
877183
877187
877299
877312
877585
880332
880619
881396
881885
882799
884316
884672
884740
884866
886298
886970
888004
888751
889020
890664
891783
892551
894246
895447
897045
897453
898551
898982
899065
899258
899543
900252
900314
900502
900806
901104
901151
902145
902507
903135
903691
904368
905336
905634
905905
906284
906369
906804
907132
907265
907588
907613
907753
907926
908973
910102
911176
912122
912622
912951
913031
913861
913930
913966
915425
915465
915477
916326
916786
917806
918094
919677
919729
919925
920261
921660
922104
922238
925883
926070
926118
926380
926678
927577
928107
928130
929812
930006
930034
930219
930788
931047
931371
933438
933704
934850
934892
934989
935142
937392
937776
938417
939552
940653
940930
943214
943800
944125
944594
945321
945614
949176
952074
953042
954685
954939
956110
956491
956521
956765
957226
958104
958318
958434
962284
962669
963501
963715
964483
964675
966413
966690
967112
967158
968036
968282
969143
971097
971368
972806
972926
973819
973826
974087
975997
976283
976991
977262
977464
978368
978563
979500
979769
980554
980719
980732
983209
983346
983474
983861
985492
985692
986483
987809
987877
987922
988209
988585
988953
990718
990839
991267
991507
992283
992868
993035
993171
993372
994520
995064
995749
995853
996283
997164
997476
998234
999405
