360
1507
2169
2290
2422
2800
3002
3987
4801
5563
6961
7472
8038
9166
9751
10034
10704
12738
12780
14647
15095
15934
16861
17098
17185
19465
20017
21384
21461
21533
21945
22114
23525
23676
24009
24511
25126
25442
25850
26547
27006
27091
27914
29981
30028
30691
32096
32227
34223
34400
34555
35887
38210
38708
39168
40641
41545
43374
43738
43878
43893
44397
44952
46163
47933
48360
48623
48689
50564
50774
50901
51270
51495
51552
52360
52619
52639
52870
52911
53142
53978
54552
54624
55017
55374
55768
57448
57512
57902
58200
58756
58842
59400
59423
59650
60034
60311
60814
60901
61832
64594
65832
67105
67279
67681
67721
68384
68471
69065
70067
70342
70478
70661
70834
72224
72257
72296
73862
73915
74140
74508
75088
75653
76544
76940
77145
77461
77723
79576
80085
81316
81429
81816
82975
83526
84518
85708
86150
86280
86429
86669
86873
90174
91175
91380
92138
92481
92597
92668
92992
93253
93283
94871
94989
95251
95448
95546
95587
95737
96313
96983
97412
97654
98023
98421
98493
99086
99128
99664
100268
101464
101814
101829
102116
102532
102732
103136
103397
103452
103467
104172
104191
106497
106534
106776
108124
108317
108567
108681
109577
110986
111181
112667
113040
113860
113914
114053
114237
114326
114553
115044
115687
116031
116906
117015
117473
117851
118086
118527
119343
119370
119476
119972
120325
120371
121882
122322
122474
122652
122765
123020
123294
123696
123722
124400
124779
124792
124934
126168
126765
127169
127402
128264
128738
129588
129705
130150
131254
131282
133358
133741
135411
135601
135670
135824
135835
137553
137733
139267
139306
139726
140852
141710
141751
142248
142838
144438
145126
145425
145642
146988
147726
148245
148519
149796
149958
150034
150075
150645
150761
151078
151126
152140
152734
152828
153362
153435
154758
154930
155041
155043
155160
156547
159048
160688
160817
161019
161405
161652
162224
162320
162747
163519
164499
164735
164833
164851
165614
166155
166287
166299
166311
166689
166760
167106
167446
167627
167715
167732
170115
170519
170739
171149
171637
173138
173460
175686
177745
177833
178550
179329
179404
180120
180567
181903
182094
182151
182608
183413
183956
185913
186149
187553
187601
188148
188948
189045
189464
191241
191382
192966
193021
193823
194092
194109
194154
194336
194643
194790
196326
196373
196702
196864
198401
199259
199359
199822
200653
200806
201253
201328
203712
204078
205587
205671
205927
206238
207629
208407
208484
208678
209268
209381
210157
210298
210858
210913
211072
211345
211710
212062
212287
213276
213836
213879
214311
215208
215372
215657
215950
216079
216274
216843
217158
217535
217722
218189
218483
219139
219179
219205
219795
220034
221080
221426
221779
222103
222629
223162
223176
223453
223872
225074
225252
225698
226635
227118
227541
227962
228593
228614
228951
230560
231086
231336
231402
231674
232019
232440
232560
233891
234162
235236
235481
235487
235631
235851
235923
236599
236649
238109
238666
238943
239164
239222
239476
239678
240513
240986
242077
244028
245018
245273
245351
245427
245718
246211
247650
250406
250496
250546
250663
250738
250784
250868
253012
253443
253749
254553
254807
255174
255416
256268
257668
259558
259806
259855
260012
260120
260301
260429
260851
261160
262718
263894
263910
264379
264564
265916
267323
268426
268427
268520
269164
269881
270181
271402
271742
272484
273013
273254
273445
274351
276155
276904
277854
278734
281091
281258
281382
281649
282809
283356
284116
284844
285488
285566
286513
286907
287229
287496
287523
288603
289287
289770
291072
291770
291886
292259
292666
293277
293615
294073
299138
299332
299514
299801
300328
300745
301137
302011
302303
302615
302773
303052
303446
303683
303874
304070
304319
305564
305958
307702
308127
308448
310688
312055
312649
313745
315079
315916
316405
316546
316970
317993
318404
320270
320686
322938
324354
324419
324883
325859
326229
327981
328365
328383
328582
328827
329117
329505
329593
330418
332685
334097
334612
334773
334801
335310
336326
336473
336903
336963
337358
337383
337493
337651
337725
338128
338208
338300
338717
338750
339608
339938
340032
340345
340346
341406
341889
342097
342416
342459
342564
342647
342751
342798
344102
344684
345248
345571
345586
345594
346129
346172
346936
347721
348630
349081
351160
351228
351650
352288
352617
352989
353415
354391
355067
355732
355819
356050
357101
357113
357426
357968
358540
359162
359763
360553
360978
362053
362199
362199
364292
366062
366335
366896
367141
367817
368037
368136
368937
370027
370698
370864
370990
371534
371721
372274
372555
372955
373473
374335
374775
376841
376879
378536
378696
378905
379224
379467
379475
380339
382064
383377
384106
384204
385717
386027
386821
386966
387244
387286
387332
387766
388113
388507
389597
390456
391554
392240
393430
393462
394266
395412
395673
395727
396068
396500
397358
397726
398743
399040
399156
399586
400606
400725
401167
401535
401900
401993
401997
402354
403601
403800
404103
404987
405496
406337
406579
406895
407497
408096
408371
409964
411354
411783
412176
412744
412805
413032
414166
414616
415009
416637
416704
417314
418503
418779
419084
419452
421399
422671
422746
423072
423686
423927
424281
424439
425494
425691
425781
425992
426114
426351
428034
428663
429084
429428
432256
432838
435643
436578
437878
439615
439698
439908
440025
440905
441223
442346
442549
442989
443198
444415
444565
444844
445078
445936
446309
446637
447910
448210
448250
448468
450485
450504
450532
450536
450734
450749
450825
452530
453347
454448
454465
455482
455637
455756
456461
456524
456914
457416
457537
457967
458090
458649
460773
461789
462029
462472
462984
463648
465033
465354
465762
465877
466205
466649
466760
467184
467367
467573
467862
468447
468667
469390
469449
469949
470070
471174
471894
472203
472354
472754
472852
473204
473871
473968
474034
474705
474774
474807
475073
475313
475420
475945
476087
477389
477411
477792
477907
478524
478625
478720
479200
479583
479832
480095
480574
481990
483215
483501
484116
484486
484618
485121
485563
485929
486147
486248
486699
488062
488433
488869
488924
489594
489765
489874
490333
491127
491620
491723
493682
493955
495175
495508
496082
496154
496185
496208
496656
497106
497909
498139
498402
498573
498577
499005
499390
499506
500148
500845
500857
501528
503432
504288
505224
506490
506575
506919
507307
507931
508790
508866
508929
509002
509508
509587
510447
510458
510917
513389
513565
515243
515940
516245
517786
517917
518016
520261
520485
521036
522694
523419
524250
524550
525277
525650
526450
526702
527000
527489
527634
528713
528918
529881
530501
530689
532423
532610
533433
533683
534453
534852
535336
535473
535888
536098
537164
538252
538541
538878
540360
540534
540724
541151
541366
541809
542578
543880
543890
544183
544321
545757
547311
547709
548140
548333
548997
551343
551585
551597
552563
552652
552662
552668
552946
553031
553225
554029
555489
555529
556298
556379
556891
557078
557507
558061
558164
558201
558667
559586
560106
562071
562124
563930
564559
564618
566666
566701
567307
568763
569074
569425
570198
570504
570688
572456
572853
573664
574109
574288
574887
575047
575623
575773
576162
576283
576517
576846
577677
578004
579499
579796
579891
580211
580768
580849
581227
581310
581657
581779
583342
583838
584843
585271
585561
586307
586749
586942
587740
587855
588718
588794
588913
589267
589382
589512
589857
589994
590983
591067
591229
591766
591892
591959
592663
592869
593663
597202
598374
599336
600933
600996
601845
602017
602699
602729
602925
603247
603922
604105
604145
604199
604444
607610
608654
609491
609546
609861
610171
610926
611294
613093
613636
614146
615405
615811
615991
616127
617128
618377
619093
619796
621380
621597
621791
621846
622084
622253
622264
622703
622779
623048
623377
624275
624749
624858
625365
625421
625796
627181
627501
628295
628686
628872
629138
629295
629531
629533
630453
630675
631255
631412
631914
632112
632203
632356
632463
632552
633840
634444
634665
636167
636441
636710
637571
637920
638042
638473
638664
638894
639158
639765
641269
644155
644304
645107
645217
645373
645721
645758
645939
646040
646119
646542
647507
647597
648067
648734
649452
649634
650178
650439
650532
651400
651457
651651
651833
652085
652698
653189
654270
654789
655262
655571
655602
655711
656928
657222
657243
657308
657475
658084
658335
659814
659843
660237
660543
661017
661181
661714
662743
663196
663237
663477
663701
663925
664330
665605
665630
665640
666390
667863
667932
668973
669881
670992
671162
671639
671716
671873
671894
672417
673018
673370
673572
673654
673817
673991
674316
674765
675195
675579
676320
678233
678272
678475
678860
679130
679266
679819
680008
680123
680860
681137
681173
681369
682334
682922
682934
683593
683725
683831
683964
684355
684407
684870
684953
685186
685422
685458
685518
685633
685702
685828
686084
686281
686714
686744
687466
688107
688112
688609
688908
688955
689739
690072
690314
690643
691270
691541
691749
692005
692263
692288
693458
693877
695251
695814
696187
697632
697729
698388
699853
701105
701261
701371
701413
701543
701560
701679
701982
704700
704842
704870
705066
705511
706267
706491
706755
706860
707618
708388
708423
708731
708889
709272
709645
710360
711914
713282
714908
715419
715659
716011
717261
718023
718451
718532
718736
718964
718973
719630
719866
722052
722080
723323
723902
724336
725193
725263
725375
727710
727863
727915
728093
730529
732072
732321
732435
733810
736261
736292
737250
737397
737416
737522
738807
739259
741368
742135
742302
743340
743787
744831
745607
746476
747269
747604
747961
747980
748098
748580
748763
748802
748996
749219
750934
751096
752073
753009
754930
755157
755341
755949
756241
756363
758107
758232
759192
759548
760370
760622
761531
763619
763742
763908
764393
764732
764827
766410
767324
767754
768340
769396
770093
770625
770658
770753
771211
771361
771499
771518
771649
772259
772451
772740
772853
773195
773228
773618
773865
774792
775661
776580
777897
778618
778681
778769
779308
779586
782402
782750
783192
783217
783239
783625
786202
787967
788152
788187
788566
788662
790327
790403
790604
791356
793715
795908
798037
798291
798406
800993
804086
804207
804285
805053
805331
805430
805962
806119
807903
808553
808799
809722
810918
812877
812990
814822
815534
816765
817278
817684
817949
819138
819765
820238
820623
822281
822291
822711
823322
823658
824185
825837
825974
826169
826297
826901
826942
828815
829505
829614
829997
830049
830135
830218
830544
833209
833996
834431
835530
835924
836565
837059
837917
838321
839021
839271
840980
841898
842255
842297
842866
842874
842970
843389
843586
844643
844991
845112
846996
847297
848048
848438
848622
849335
850252
850656
851343
851555
852652
854781
855692
856433
856700
856777
856942
857125
857224
857308
857560
857624
857914
858176
858201
858648
859054
860062
860223
860969
861229
861554
862102
862756
863245
863500
864395
865054
865189
865350
865738
866228
866411
866670
866872
867101
867399
867405
868177
868266
868855
869782
870034
870211
870880
870902
871326
871339
871392
871821
871959
873011
873549
873883
874342
874758
875024
875573
876188
876220
876264
877625
879047
879759
880619
880706
880742
881885
882799
882842
884020
884099
884866
885946
886298
887924
888141
888345
889276
891056
891836
892657
892879
892899
897838
898565
898831
899065
899258
899388
900123
900314
900502
900726
902760
902800
903384
903692
905495
906482
907132
907516
907811
908080
909222
909968
910734
911467
912081
912622
913966
914291
914574
915383
915384
915446
915562
915582
915910
916591
917128
917197
917220
917806
918243
918713
918892
919567
919674
919729
920150
920396
921399
921660
923545
923789
923875
924148
924397
924501
925444
925485
926118
926128
926175
926838
926910
927611
927717
929093
929662
929703
930006
930295
931163
931976
933010
933251
934719
934892
935142
936299
936602
936643
937782
940653
942177
942272
943684
944594
945139
945527
946911
947565
948033
948103
948813
948938
949636
951121
951274
951384
951604
951981
952463
952709
952738
953042
953582
953756
953971
954517
955517
955543
957042
957126
957226
957321
958012
958386
958571
958598
958859
959228
959963
960405
960429
961202
961456
962669
964478
964529
964675
965107
965324
965423
966374
966413
966654
966690
967898
968088
968993
969163
969556
970067
970368
971021
971813
971965
973228
973958
974089
974669
974809
974851
975192
975550
976494
977715
977720
977868
978082
978457
978465
978563
979267
979500
981345
982094
983486
983791
983864
984080
984137
986071
987073
987313
987542
987621
987809
987888
988837
989453
990136
990148
990197
990467
990718
991761
993031
993855
993996
995277
995568
995749
995769
996735
997235
997726
997793
997947
998388
