2290
4801
6961
14647
15095
16861
21384
21461
21945
27006
29981
32227
34400
43374
43893
47933
50901
51270
51495
51552
52360
52619
52870
53978
55374
57448
58842
59650
60814
60901
61832
64594
67279
67721
68384
72224
74140
74508
76940
77723
84518
86150
92138
92597
92668
92992
93283
94989
95251
95587
97412
98421
99664
100268
102116
103452
106534
108124
108681
114553
115687
117473
118527
119343
119972
120325
121882
122322
122765
123696
123722
124400
124779
124792
127402
128264
128738
135411
135601
135824
137553
137733
139726
141751
144438
145126
145642
148245
148519
149796
150034
150645
151078
152734
153435
154930
161019
164833
164851
166760
167106
167715
167732
171149
171637
175686
179329
179404
183413
186149
187553
188148
188948
191241
191382
192966
193021
194092
194109
194336
196326
196702
199359
200806
201253
204078
205671
208407
208678
209268
210298
212287
213276
213836
214311
215657
216079
217535
219139
219179
219795
221426
222103
222629
223162
223453
223872
225074
225698
227118
227541
227962
231336
232560
235236
235487
236599
239164
239476
239678
242077
245273
245351
245427
245718
250406
250738
250784
253443
255174
256268
257668
260301
262718
267323
268427
268520
269164
270181
272484
273013
273254
274351
277854
281258
281649
284116
287229
291072
293615
294073
299138
299332
299514
301137
302011
302303
302615
302773
303874
304319
307702
308448
312649
313745
315079
315916
318404
320270
320686
324419
326229
327981
328582
328827
329505
329593
335310
336326
336473
336903
336963
337725
338300
338717
338750
339608
339938
340032
340345
340346
341889
344102
345571
345586
346129
351228
351650
352617
353415
355819
357101
357113
357426
358540
359162
359763
360553
362053
362199
364292
366062
367817
368136
370698
370864
372274
372955
373473
374335
378536
378696
379224
379467
382064
385717
387286
387766
388113
389597
393430
393462
395412
395673
395727
397358
397726
399040
399156
399586
401167
401993
404103
404987
406579
406895
407497
408096
409964
411783
412176
412805
414166
415009
416704
417314
418503
419452
422671
426351
428663
436578
439615
440025
440905
441223
443198
444565
446637
448468
450532
450536
450734
455637
455756
456524
456914
457416
457537
457967
458090
461789
462472
467862
471174
471894
472203
475420
476087
477411
477792
478524
478625
478720
479200
479583
479832
480095
480574
481990
483215
484486
484618
485929
488433
488924
491620
493682
495175
495508
496154
497909
498577
499005
499390
501528
503432
504288
505224
506575
506919
507307
508929
509508
515243
516245
517786
520261
521036
524250
524550
527000
527634
528713
530689
532423
532610
533433
535336
535888
536098
537164
540360
541366
542578
543890
544183
545757
547311
548140
548333
548997
551585
551597
552563
552946
553031
553225
554029
555529
556379
556891
557507
558201
558667
562071
564559
566666
568763
570198
570688
574109
574887
576517
576846
577677
578004
579796
580849
581310
581657
584843
585271
585561
586749
588718
588913
589267
589382
589857
590983
591067
591229
591959
592663
593663
598374
599336
600996
601845
602017
602925
603922
607610
608654
609491
609546
609861
610171
610926
611294
613093
614146
615811
617128
619093
619796
621380
622084
622253
622779
623377
624275
624858
625365
625421
625796
627181
627501
628295
628686
629138
629295
631255
632112
632203
632356
632463
634665
636710
637571
638042
638473
638664
638894
639158
641269
644155
645217
645721
645758
645939
646040
647597
648067
648734
649452
649634
650178
650439
650532
653189
654270
654789
656928
657243
657475
658084
659814
660237
661181
662743
663196
663237
663477
663925
664330
665640
667863
669881
670992
671162
671716
671873
671894
672417
673018
673572
673654
673991
674316
675195
678272
678475
678860
679819
680008
681137
682922
682934
683725
683831
684355
684407
684870
684953
685422
685518
685702
686084
686281
686744
687466
688112
690072
690643
691270
691541
692005
693458
693877
695814
696187
699853
701105
701261
701543
704700
704842
704870
706267
707618
708423
708731
713282
715659
717261
718532
718736
718964
718973
719866
723323
724336
725375
732435
736261
746476
747604
748802
748996
753009
755341
755949
756363
758107
758232
759548
764732
767324
769396
770625
770753
771499
771518
772740
772853
773865
774792
775661
777897
786202
787967
788152
788662
791356
793715
795908
804207
804285
805430
806119
808553
810918
812877
815534
816765
820623
824185
828815
830544
833209
833996
834431
835530
836565
838321
839271
840980
841898
842874
842970
843586
845112
847297
848622
850656
854781
856433
856777
857914
858648
859054
860223
863245
864395
865189
865350
866228
866872
867399
867405
868177
868266
868855
869782
870211
870880
871326
871339
871392
871959
874342
876188
876264
880619
881885
882799
884866
885946
886298
887924
891056
899065
899258
900314
900502
900726
903384
903692
905495
906482
907132
908080
909222
912081
912622
913966
914291
917128
917806
918243
918892
919729
920150
920396
921660
924148
924397
926118
926175
930006
930295
931163
934892
935142
936299
936602
940653
943684
944594
949636
951121
952709
953042
953582
957226
958012
958386
958571
959228
959963
960405
962669
964675
965324
965423
966413
966654
966690
970067
971965
974089
978563
979500
981345
982094
984080
987809
990718
993855
995749
