12
482
658
1870
2275
2290
3234
3292
5196
5871
6571
6795
6951
7709
8346
8549
8669
8842
9496
10378
11021
11208
12780
13571
13610
13616
14201
14647
16515
16861
17734
17788
18474
21232
21543
21945
22813
23541
24009
26400
27540
27628
30110
30427
30536
31334
32169
33386
34033
34400
34556
35603
35790
37647
39968
42591
43329
43374
43749
46509
47442
47482
47687
47933
48322
49241
49406
49646
50317
50673
50901
51143
51270
51466
51495
51570
51609
52067
52360
52619
52870
52994
54116
55000
55192
55374
55720
56064
56702
56840
57849
58021
58664
58705
58842
58859
59067
60661
61434
61690
61832
62005
62119
62334
62779
63222
63946
64174
64553
64994
65079
65122
65212
66041
66321
66449
67183
67279
67474
67721
68005
68045
68725
70403
71516
71791
72224
72559
73326
73593
74346
74764
74784
75072
75313
75454
75557
76940
78837
80508
81408
81482
81544
83332
83442
83463
84098
84855
85229
85392
88074
88605
89874
90273
91352
91488
91754
91837
92138
92597
92627
92668
92992
93231
93484
94131
94920
94989
95251
95587
96705
96983
96994
97412
97551
97907
97971
98238
98421
100268
100283
100534
100543
100998
101333
101860
102369
102687
103452
104909
104923
104950
104972
104977
106342
106633
107056
107980
108666
108681
109862
110428
110600
110765
111649
112209
112820
113835
113984
114553
115687
116120
116369
116578
117068
117798
118554
118727
118895
119127
119181
119343
119877
119972
120089
120325
120396
121882
122349
123566
123675
123722
124400
124779
124792
124896
125828
126273
126324
126401
127161
127714
127778
128019
128235
128264
128499
128667
128738
128989
129097
129160
130005
131411
131423
132030
132183
132568
133233
133382
133524
133664
133950
135362
135601
135824
136224
136257
136822
137553
137733
138636
139051
139395
139726
139745
140867
141175
141770
142248
143699
143844
144145
144438
144786
145113
145126
145684
145929
148245
148519
148609
149064
149796
150034
150123
151078
151185
151209
152140
152289
152734
152802
152827
153399
153653
154586
154930
155859
156237
156295
156979
158991
159186
159437
159475
160511
160614
161019
161779
163205
163879
163896
163967
164130
164568
164833
164851
165403
165628
167338
167715
168595
169595
169986
170733
170754
171149
171637
171659
172489
173135
173196
173315
173659
175207
175365
175659
177069
177840
177904
178440
179329
179404
180811
181134
181336
181382
181903
182151
182386
182510
182540
182773
183413
183466
183671
183752
183956
185498
186149
187314
187426
187553
187566
187760
188148
190572
190738
191241
191382
191660
192966
193021
193634
194092
194422
194517
194650
195101
195679
196085
196087
196260
196326
196349
196473
196702
197651
197903
198777
199107
199359
200806
201027
201206
201253
201309
201598
201854
203228
203427
203756
204000
205570
205671
206142
206581
207665
208407
208619
208678
209268
209556
209763
210298
210592
210660
211460
211511
212287
212854
212910
213340
213836
214311
215657
216670
217178
217491
217535
218009
218360
219093
219179
219795
219838
220320
220875
220992
222366
222502
222629
223019
223162
223211
223853
223872
223969
224223
225243
225698
225965
227040
227118
227144
227316
227411
227448
227946
227962
228353
229933
230830
231336
232560
232565
233318
233864
234385
234918
234952
235487
235536
236552
236599
236728
236752
238025
238513
239097
239164
239511
239678
240163
241630
241835
242077
242085
242601
242922
243337
244419
244478
245351
245427
245582
246142
246663
247999
249229
250202
250738
250784
250828
253861
254343
254516
257226
257288
257714
258164
259171
260287
260363
260868
261039
261160
261318
261435
261469
261752
262126
262405
262699
262781
262887
264198
265446
265768
266346
266773
266940
267323
268205
268400
268427
268520
268835
268899
269004
270685
271701
272032
272484
272795
272824
273013
273178
273254
274351
274946
275109
275385
275482
276072
277306
277797
277854
277870
278817
281139
281258
281383
281629
281649
282237
282506
282557
282744
283319
283992
284139
284673
284903
284991
285353
285604
286494
286584
287171
287229
287890
288348
288701
289271
289525
289565
289982
290526
291072
291111
291874
293058
293253
293567
293615
294923
295828
296574
296616
296739
296847
297469
297786
297945
298774
299332
299343
299729
300379
300571
301128
301776
301958
302011
302615
302842
303874
304319
304640
304786
305315
307702
307763
308127
308578
309432
309624
309913
312649
312724
313277
314314
315000
315125
315514
315690
315731
315867
315903
315916
316326
317136
317514
317893
318179
318396
318404
319016
319026
320208
320270
320686
321437
322115
322762
323080
323290
323793
323827
324090
324419
324913
325887
326382
326419
327605
327677
328276
328582
328827
329283
329505
329859
331548
331564
332677
332970
333045
333430
334155
334935
335121
335210
335310
336123
336735
336894
336963
336993
337725
338300
338349
338427
338456
339608
339938
340197
340345
340346
342150
343113
343962
344102
344322
344455
344943
345571
345586
346049
346206
346677
346767
348223
348602
349316
349918
351496
351650
352315
352617
352977
353034
354318
354794
355489
355671
355819
356212
356677
356763
357101
357113
357383
357426
358353
358389
358507
358540
359266
359315
359556
359763
360168
360847
361014
361592
362053
362199
363574
363709
364292
364721
365045
365440
365829
366062
366733
367624
367817
368136
368505
368666
370009
370086
370255
370698
370864
372274
372785
372955
373473
373954
374335
375205
376604
378098
378536
379224
379332
379448
379467
380306
382064
382073
382174
383386
383561
384021
384502
385398
386180
386362
387016
387286
387766
387927
388113
388445
388791
388825
389092
389985
390153
390675
391985
392070
392452
392541
392936
393269
393430
393462
393655
394089
394451
395412
395673
395989
396165
397358
397726
397811
398563
398799
398966
399040
399156
399535
399586
399676
400920
401167
401993
402403
402584
402594
404103
404760
404987
406579
406632
406848
406895
407317
407497
408096
408337
408825
409181
409873
409920
411071
411288
411783
412176
412189
413523
413644
414329
415009
415323
415812
416239
416504
416615
416957
418040
418503
419452
419588
420246
420813
421585
422014
422464
422473
422666
422671
423467
423563
423606
424247
424859
425213
425989
426351
426426
428045
428876
429063
429931
429999
430932
430961
431175
431263
432010
432586
433316
433798
434042
434537
434954
435837
436578
439007
439136
439603
439615
439918
440025
440325
440905
441027
442346
442685
443125
443198
444565
444753
444794
445509
445785
446496
446637
446795
447239
447303
447701
447896
447910
447925
448069
449178
449204
449398
449472
450485
450532
450536
451355
451650
451671
453092
455414
455637
455743
455756
455757
455927
456524
457480
457969
458829
459498
460773
461004
461592
461789
461836
462472
463834
464448
464835
465539
465618
465827
467862
468045
468426
468667
469911
471023
471174
471719
471894
472826
473133
473551
474660
474665
474774
474797
475420
476087
477229
477411
477785
477792
478524
478590
478720
479200
479583
480095
480138
481990
483215
483301
483440
483571
484486
484618
484866
485052
485278
485929
487339
488106
488433
488924
490434
490586
492298
492655
493031
493893
493896
494303
494372
494770
495242
495648
496154
496291
496656
496699
496879
498171
498577
499005
499390
499414
500316
500534
501528
501595
502879
503432
504288
504888
505592
505805
506432
506448
506808
506904
506919
507600
508117
508426
508929
509327
509432
509508
509727
510265
511490
512373
512521
513051
513133
513212
513687
514255
515090
515560
516245
516764
517100
518536
518625
518657
518684
519668
519768
519782
520161
521036
521195
521580
522694
524169
524250
524550
525665
526080
526625
527000
527060
527634
528713
529023
529280
529398
529446
529620
530139
530578
530689
530978
532152
532423
532610
532882
533433
535092
535172
535336
535437
535473
535888
536046
536098
536225
536752
536900
537164
538231
538237
539616
539712
539721
539725
540360
540608
541366
542517
542578
542687
543890
544555
545351
545515
545757
546208
547211
548140
548154
548333
548424
549363
550330
550378
551597
552563
552669
552946
553225
553882
554029
554119
554159
554534
554935
555529
555584
556048
556379
556754
556891
557507
557648
558170
558201
560079
562363
562920
563200
564128
564181
564330
564384
564557
564690
564712
565205
565473
565941
566023
566159
566298
566350
566394
566666
566888
566905
568763
569984
570198
570290
570569
570688
570828
572229
573170
573811
574380
574887
577677
577736
578004
578870
579005
579796
579967
580849
581310
581657
582123
582696
582771
582951
583189
583400
583870
584554
584843
584971
585271
585366
585561
585891
586148
586395
586749
587381
588718
588750
588913
589137
589267
589342
589382
589496
589855
589857
590060
590647
591067
591118
591229
592663
593663
594024
594038
595011
596435
597015
597030
597362
597475
597799
597944
598385
598655
598657
599336
599383
599795
599851
600162
600542
600996
601845
601942
602017
602925
604703
604952
605215
605923
606081
606348
606516
607335
607458
608654
608745
609076
609491
609546
609671
609798
609861
610171
610784
610926
611294
611437
611548
611826
611880
613013
613093
614146
614905
615223
615375
615540
615645
615811
616127
616207
616371
617128
617551
619093
619340
619796
620512
621360
621380
621486
621708
621738
622084
622253
622779
622916
623048
623377
623830
623896
624201
624253
624275
624766
624858
625365
625796
626155
628170
628527
628653
628686
629138
629295
629913
630786
631508
632112
632203
632356
632463
633327
633363
633707
633757
634249
634377
634665
634893
634916
634942
636165
636275
636392
636551
636594
636611
636776
637571
637879
638042
638195
638473
638664
638792
638827
639158
639166
640321
640931
641269
641500
641870
644038
644155
644204
644490
645217
645472
645668
645721
646040
646747
647455
647891
648067
648734
649056
649452
649533
649683
650068
650178
650439
650532
650623
651029
651364
651895
652068
652227
653105
653189
653207
654270
654789
655438
655663
656928
657243
657475
657799
658311
658733
659442
659799
659814
660117
660237
660543
660657
661090
661181
661882
662845
663196
663237
663377
663477
663640
663925
664330
664762
664808
665379
665640
665747
666252
666425
666692
666956
667863
667888
668155
668162
668587
669508
669881
670606
670992
671162
671716
671894
672417
672880
673572
673654
673991
674594
674673
674735
674853
675367
677313
678272
678475
678860
679693
679819
680008
680907
681137
682557
682581
682731
682934
683435
683470
683725
683831
684407
684845
684953
685518
685662
685873
686084
686281
686744
687466
688112
688453
688811
688912
689160
690072
690643
690907
691541
692005
692381
693275
693458
693681
693877
695375
696187
696511
696827
696901
697917
699068
699526
699853
701051
701090
701261
701543
701560
701817
702558
704427
704700
704842
704870
706267
706753
707238
707996
708731
708943
709227
709277
709352
709548
709976
711297
711371
711449
712807
713157
713228
713279
713595
713915
714918
715659
715918
717259
717261
717754
718451
718736
718964
718973
719866
720496
720610
721661
722042
722273
722791
723086
723408
724154
724333
724708
725230
727449
730311
730592
732056
732284
732435
733457
734249
736261
736332
737107
737522
737658
739115
740228
740394
740524
741646
741737
743853
744046
744309
744464
744546
745195
745640
745781
745791
746273
747575
747626
748608
748640
748802
748996
749325
749429
750404
750491
750918
751461
753009
753033
753296
753875
754378
756450
757758
757858
758107
758232
758378
759548
759876
760346
760461
760867
761711
761717
762081
762174
762197
762362
762942
763279
763619
763626
764732
765048
765308
765667
765678
765680
769335
769362
769785
769843
769926
770532
770625
770750
770753
770769
771518
772314
772740
772853
772903
773347
773865
774510
774666
774792
775031
775661
776630
777685
777897
778190
778777
779150
780613
781189
781439
783420
784779
784888
786202
786845
787180
787216
787920
788152
788438
788484
791356
791710
792579
792724
793687
793715
795043
795855
797505
798615
799129
799500
799538
800646
800772
801279
801555
802319
802638
803091
803286
803576
804207
805430
806119
806487
806497
806748
806792
806945
807057
807888
807997
809669
810918
811400
811731
812286
812776
813183
814333
815091
815486
816080
816085
816136
816699
816707
816746
817424
817742
818716
820144
820211
820569
820623
821371
821413
823687
823724
824221
824818
825912
827060
827322
827639
828025
828351
828370
828395
829744
830954
831417
833799
834305
834431
835082
835530
836873
836899
837058
837357
838321
839399
840243
840652
841066
841655
841791
841898
841975
841982
842944
842970
843566
843773
844843
845112
845890
846064
846994
847119
847227
848363
848692
850319
850656
851486
851522
852114
854781
856199
856433
856468
856571
857482
857793
857914
858648
858655
859054
859182
860396
861571
862965
863245
863400
863500
864395
864957
865085
865189
865280
865350
865419
865638
866872
867044
867399
867405
868177
868266
868855
869585
869782
870211
870353
870531
870811
870880
871326
871339
871392
871959
872270
874979
875024
875108
875841
876264
876299
877123
877905
880440
880497
880619
880963
880990
881108
881885
881981
882178
882799
884682
884866
885340
885481
885608
886298
887673
887812
888081
888279
889840
891275
891356
891357
891622
891846
892176
892562
892904
893072
893185
893373
896273
897065
897192
897237
899065
899258
899755
899919
900314
900502
900743
900918
901415
901700
902326
902596
903492
903591
903692
903761
906271
906656
907132
907971
909222
909397
909876
910572
910615
910987
911240
911304
911375
911387
911432
912426
912622
913284
913966
913971
914291
914339
914503
914730
916068
916948
916970
917090
917806
918629
919451
919506
919729
919774
920150
920285
920433
920795
920908
921147
921374
921426
921660
922815
923563
924048
924115
924148
924397
924617
926118
926175
926505
927593
927821
928180
929528
929694
930006
930011
932443
932537
934252
934738
934892
935142
935421
937224
938993
939380
939904
940653
941101
941834
942706
944545
944594
944704
946754
948741
949636
950737
950784
951121
952537
953042
953269
953451
953964
955458
956139
956616
957226
958012
958283
959228
959578
959963
960061
960369
960405
961518
961649
961682
962669
962686
964303
964477
964675
965044
965324
965784
966413
966690
966798
968413
968856
969352
969887
969973
970067
970536
970568
972817
972990
973461
974089
974328
974426
975003
975532
975630
975940
975965
977546
977913
978255
978511
978563
978842
978924
979232
979376
979500
980907
980910
980971
981531
982094
982170
982392
982917
983549
984080
984299
984376
985844
986434
987286
987332
987427
987621
987809
987877
988492
989324
989398
989773
990718
991050
991410
992791
993096
993429
993691
994105
994182
994946
995749
996120
996129
997384
997892
998696
999036
