360
1507
2290
6961
10704
14647
15095
16861
17098
20017
21384
21945
24009
24511
27091
29981
32096
32227
34400
39168
43374
43893
44397
47933
50564
50774
50901
51270
51495
51552
52360
52619
52870
52911
53978
54552
55017
55374
57448
58842
59650
60311
60814
60901
61832
67279
67721
68384
70478
72224
72296
74140
74508
76940
77723
84518
85708
86150
86429
92138
92597
92668
92992
93283
94989
95251
95587
95737
97412
98023
98421
99664
100268
101464
102116
102532
103452
106534
106776
108124
108681
112667
113040
113860
114553
115687
116031
117473
117851
118527
119343
119972
120325
121882
122322
122765
123696
123722
124400
124779
124792
126168
127402
128264
128738
129588
135411
135601
135670
135824
137553
137733
139306
139726
144438
145126
145642
148245
148519
149796
150034
150645
151078
151126
152734
153435
154758
154930
161019
164499
164833
164851
165614
166689
166760
167106
167715
167732
170519
171149
171637
175686
179329
179404
182608
183413
186149
187553
188148
188948
191241
191382
192966
193021
194092
194109
194336
196326
196702
199359
200806
201253
204078
205671
205927
207629
208407
208678
209268
210157
210298
212287
213276
213836
214311
215208
215657
216079
217535
218189
219139
219179
219795
220034
221080
221426
222103
222629
223162
223453
223872
225074
225698
227118
227541
227962
230560
231336
232560
235236
235487
236599
238666
239164
239476
239678
242077
245351
245427
250406
250738
250784
256268
257668
259855
260301
262718
267323
268427
268520
269164
270181
271742
272484
273013
273254
274351
277854
281258
281649
284844
286513
287229
291072
293615
294073
299332
299514
301137
302011
302615
302773
303446
303683
303874
304070
304319
307702
308448
312055
312649
313745
315916
318404
320270
320686
324419
326229
327981
328582
328827
329505
329593
332685
334612
335310
336326
336473
336903
336963
337725
338300
338717
338750
339608
339938
340032
340345
340346
341889
342647
344102
345248
345571
345586
346129
347721
348630
349081
351650
352288
352617
353415
355732
355819
357101
357113
357426
358540
359763
360553
362053
362199
364292
366062
367817
368136
370698
370864
371534
372274
372955
373473
374335
376841
378536
378696
379224
379467
382064
387286
387766
388113
389597
391554
393430
393462
395412
395673
395727
396500
397358
397726
398743
399040
399156
399586
401167
401993
403601
404103
404987
406579
406895
407497
408096
408371
409964
411783
412176
412805
414166
415009
416704
417314
418503
419084
419452
422671
426351
428663
435643
436578
437878
439615
439908
440025
440905
441223
443198
444415
444565
446637
448468
450532
450536
450734
452530
454448
454465
455637
455756
456461
456524
456914
457537
457967
458090
461789
462472
465762
467573
467862
470070
471174
471894
472203
472852
473871
474705
475420
476087
477411
477792
478524
478625
478720
479200
479583
479832
480095
480574
481990
483215
484486
484618
485929
488433
488924
489874
490333
491620
493682
495175
495508
496082
496154
496656
497909
498577
499005
499390
499506
500857
501528
503432
504288
505224
506575
506919
507307
508929
509508
510447
515243
516245
517786
520261
521036
524250
524550
527000
527489
527634
528713
530689
532423
532610
533433
535336
535473
535888
536098
537164
538878
540360
540724
541366
542578
543890
544183
545757
547311
548140
548333
548997
551585
551597
552563
552652
552946
553031
553225
554029
555489
555529
556298
556379
556891
557507
558201
558667
560106
562124
563930
564559
566666
568763
570198
570688
574109
574887
575047
576517
576846
577677
578004
579796
580768
580849
581310
581657
584843
585271
585561
586749
587855
588718
588913
589267
589382
589857
589994
590983
591067
591229
591959
592663
592869
593663
599336
600996
601845
602017
602925
603247
603922
604199
607610
608654
609491
609546
609861
610171
610926
611294
613093
614146
615405
615811
616127
617128
619093
619796
621380
622084
622253
622779
623377
624275
624858
625365
625421
625796
627181
627501
628295
628686
628872
629138
629295
631255
632112
632203
632356
632463
634665
636167
636710
637571
638042
638473
638664
638894
639158
641269
644155
645217
645721
645939
646040
648067
648734
649452
649634
650178
650439
650532
653189
654270
654789
655711
656928
657243
657475
658084
658335
659814
660237
661181
663196
663237
663477
663701
663925
664330
665640
667863
669881
670992
671162
671716
671873
671894
672417
673018
673572
673654
673991
674316
675195
676320
678272
678475
678860
679819
680008
680123
681137
682922
682934
683725
683831
684355
684407
684870
684953
685422
685518
685702
685828
686084
686281
686744
687466
688112
688609
688955
690072
690643
691541
692005
693458
693877
695814
696187
699853
701105
701261
701543
701982
704700
704842
704870
705066
706267
707618
708423
708731
713282
714908
715659
717261
718532
718736
718964
718973
719630
719866
723323
724336
725375
727915
732435
733810
736261
743340
743787
746476
747269
747980
748763
748802
748996
753009
755341
755949
756241
756363
758107
758232
759548
760370
764732
766410
767324
769396
770625
770753
771361
771499
771518
771649
772740
772853
773228
773618
773865
774792
775661
777897
778681
783217
783239
783625
786202
787967
788152
788662
790327
791356
793715
795908
804207
804285
805430
806119
808553
810918
815534
817949
820623
824185
825974
826942
828815
829505
830544
833996
834431
835530
836565
838321
839021
839271
840980
841898
842297
842866
842874
842970
843586
844991
845112
847297
848622
850656
854781
856433
856777
857224
857914
858176
858648
859054
860062
860223
863245
864395
865189
865350
866228
866872
867399
867405
868177
868266
868855
869782
870211
870880
870902
871326
871339
871392
871821
871959
873011
874342
876188
876264
877625
879759
880619
880742
881885
882799
884099
884866
885946
886298
887924
888141
891056
899065
899258
900314
900502
900726
903384
903692
906482
907132
908080
909222
912081
912622
913966
914291
917128
917806
918243
919674
919729
920150
920396
921399
921660
924148
924397
925444
926118
926175
930006
930295
931163
933251
934892
935142
936299
936602
940653
943684
944594
947565
949636
951121
952709
953042
953582
957226
957321
958012
958386
958571
958598
959228
959963
960405
962669
964675
965324
965423
966413
966654
966690
970067
974089
976494
978465
978563
979267
979500
981345
982094
984080
986071
987313
987809
990136
990718
993855
993996
995568
995749
998388
