2192
2290
7465
9050
9965
11271
13838
16861
20666
21686
21945
22016
22359
23209
24159
24594
27027
28091
28973
34013
34571
41702
42340
43591
48527
48954
50321
50709
50901
52053
52360
52524
52870
55997
57701
58068
58842
59301
59639
61832
63686
64680
64810
64994
66086
66316
67033
67721
67723
69062
69827
69870
70661
71513
71714
72685
72721
72914
73194
74171
74880
75371
76670
78127
78200
78738
79297
80930
81695
82954
85643
86126
88751
92138
92597
92668
93676
94551
94989
95251
95587
95611
97412
98421
100268
103452
108681
112289
114553
115687
119343
120325
121882
123182
123722
124400
124792
125780
127544
127566
128264
128904
129154
129868
134917
135824
137446
139115
141893
143305
143404
144438
145126
148006
148460
149796
150034
150126
150863
151078
152703
153034
153145
155334
155356
156986
158522
158726
161019
161074
164833
164851
166760
166802
171149
171456
171499
171637
172221
172846
178732
179329
179404
179558
180171
181063
183413
184223
185211
187553
187684
191241
191382
192966
193021
196702
199359
200459
200575
201253
202779
205671
208407
208678
209268
210298
210380
212287
213836
214311
215657
216917
217282
217535
218336
219179
219795
222629
223657
223872
225047
225698
226606
227118
227183
227551
231336
231778
232998
233367
234529
235487
235830
236696
237106
237408
237914
238391
238816
239164
239678
243051
244876
245427
248755
250440
250738
250784
251993
252268
253424
253911
254844
255686
261061
267323
269691
270173
270665
272709
273013
273254
273831
274026
274302
274351
277854
278303
279917
280639
281649
284177
292584
294339
295007
296766
297691
302011
305233
311263
312649
312739
312751
315916
316800
317903
319762
320686
328582
328827
329505
333467
334234
335310
335891
336963
337725
338300
338908
338989
339608
339938
340345
340346
342522
345586
346180
351650
352617
353757
355819
357101
357113
357426
358540
359664
359763
359833
361655
362053
362199
362775
363832
364292
367057
367817
368136
370945
371278
372274
372955
373473
374335
377531
378536
378541
379224
380504
381755
382064
385147
385670
387286
387766
388113
389597
393430
393462
395673
395800
396784
397358
397726
399040
399156
399586
401167
402160
404103
404987
405893
405985
406579
406784
406895
407926
408096
410190
411783
412060
414556
415009
417560
417979
418402
421575
426193
427109
427408
428074
428317
430248
431684
436578
437037
439615
440249
440487
443198
443642
446637
450105
450532
454042
455057
456315
456524
460993
461789
465566
465991
466028
467367
467862
468319
468445
471059
471156
471174
471249
471307
471894
475420
478720
479583
480095
480274
481990
483215
484486
484618
485929
488433
492428
496154
498577
498810
499390
499910
501528
503432
504053
504288
504818
504964
506919
508929
509508
512173
512896
516245
517040
517786
518646
521036
521892
524250
525821
527000
527347
527634
528713
530689
532148
532423
533433
534336
534410
535888
541366
542472
542578
542719
543890
544155
544620
545757
547287
547743
548140
548994
552563
552946
553225
553873
554029
563395
564229
564877
567492
568039
568763
569734
570198
570337
570688
573851
573993
578004
579796
580849
581310
581657
582496
583611
584843
585561
586084
588718
589267
589354
590649
591067
592663
593663
597941
599336
600996
601050
601237
601845
601966
602017
608674
609491
609546
609861
610171
611294
613093
614146
615500
615686
617128
617198
618256
619093
621380
622084
623377
624275
625365
625796
628295
629138
629295
632112
632203
632463
633422
634665
637571
637999
638042
638427
638473
638848
639158
640397
641075
641269
641599
644419
644487
644914
645217
648067
648734
649452
650178
650532
653189
654270
654398
654789
656928
657243
657475
659814
660237
661181
662116
662925
663196
663237
663477
663925
664031
665640
666773
669881
670992
671162
671894
672417
673572
673654
673991
675721
676015
678475
678860
680285
681137
682934
683831
684011
684953
686084
686281
686744
687466
689015
690072
691142
691541
692005
693458
696187
696985
696996
699853
700174
701075
701261
701543
704700
704842
704870
706267
708199
708731
708926
710241
711514
715659
716026
718736
718907
718964
719399
719584
719866
720449
721693
722690
722891
722896
725163
725541
727443
728889
730974
731529
732522
736473
737664
742177
743424
743625
745349
749048
750639
751788
755038
756437
757318
758155
759645
760790
761495
762381
764753
768498
769787
770167
771918
772804
772853
775595
775906
777074
777087
777959
779058
782025
785253
786224
787063
788080
792819
792921
793715
796827
797594
798093
803908
808245
808917
810534
811865
813372
814600
816427
818489
822140
830241
831627
834918
835403
836822
841189
845204
854372
854781
855658
858392
858648
860544
863245
864395
865189
865350
865590
866167
866872
867229
867399
867405
868177
871326
871959
875248
876264
880619
881396
881885
882799
884866
886298
889020
899065
899258
899543
900314
900502
905336
907613
907753
907926
908973
912622
912951
913861
915425
916786
919729
920261
921660
925883
926678
930006
934892
935142
940653
944594
953042
954685
954939
957226
958318
962669
964675
966413
966690
967112
968282
971368
973819
973826
975997
976283
977464
978368
978563
979500
980554
980719
983209
985492
987809
987877
988209
988953
990718
993035
993171
995749
