12
482
658
2290
3234
5196
5871
6571
6795
6951
8346
8549
8669
8842
9496
11021
11208
12780
13571
13610
13616
14201
14647
16515
16861
17734
17788
18474
21232
21945
23541
24009
27540
27628
30110
30427
30536
31334
32169
33386
34400
34556
35603
35790
37647
39968
42591
43329
43374
43749
45930
46509
47442
47482
47687
47933
48322
49091
49241
49406
49646
50317
50901
51143
51270
51466
51495
51570
51609
52067
52360
52619
52870
52994
53532
55000
55374
55720
56064
56702
56840
58664
58705
58842
58859
59067
61434
61690
61832
62005
62119
63222
63946
64174
64553
64994
65079
65212
66321
66449
67183
67279
67474
67721
68725
71516
71791
72224
73326
73593
74764
74784
75072
75454
76507
76940
78837
79043
80508
81408
81482
81544
82586
83332
83442
83463
84098
84855
85229
85392
88074
88605
90273
91352
91488
91837
92138
92597
92627
92668
92992
93231
94920
94989
95251
95587
96705
96983
96994
97412
97551
97907
97971
98238
98421
100268
100283
100534
100543
101333
102369
102687
103452
104909
104923
104972
104977
106342
107056
107980
108666
108681
109862
110428
110600
110765
111649
112209
112820
113835
114553
115687
116120
116369
117068
117798
118433
118496
118554
119127
119181
119343
119877
119972
120089
120325
120396
121882
122349
123675
123722
124400
124779
124792
124896
125828
126273
126324
126401
127161
127714
128019
128235
128264
128499
128667
128738
129097
129160
130005
131411
131423
132030
133233
133382
133524
133950
135601
135824
136257
136822
137553
137733
138636
139051
139395
139726
139745
140867
141175
141770
142248
143699
143844
144145
144438
144786
145126
145684
145929
148245
148519
148609
149064
149796
150034
150123
151078
151185
151209
152140
152289
152734
152802
152827
154586
154930
155859
156237
156295
156979
158991
159186
159475
160511
160614
161019
163205
163879
163896
163967
164130
164568
164833
164851
165403
165628
167715
169595
169986
170754
171149
171637
171659
173196
173315
173659
175365
175659
177069
177840
177904
178440
179329
179404
180811
181134
181382
181903
182151
182386
182510
182540
182773
183413
183466
183671
183956
185484
185498
186149
187314
187426
187553
187566
188148
190572
190738
191241
191382
192966
193021
193634
194092
194267
194422
194517
194650
195679
196085
196087
196326
196702
197485
197651
197903
198777
199107
199359
200806
201206
201253
201598
203427
203756
205570
205671
206581
208407
208619
208678
209268
209556
209763
210298
210660
211460
212287
212854
212910
213340
213836
214311
215657
216670
217535
218009
218360
219093
219179
219795
219838
220320
220875
222366
222502
222629
223019
223162
223211
223872
223969
224223
225698
227118
227144
227316
227411
227448
227946
227962
228353
229061
229933
231336
232560
232565
233318
233864
234385
234918
234952
235487
235536
236599
236752
238025
238416
238513
239097
239164
239511
239678
240163
241630
241835
242077
242601
242922
243337
244419
244478
245351
245427
246142
246663
247999
250738
250784
250828
253861
253970
254343
254516
257226
257288
257714
258164
259171
260287
260868
261039
261160
261318
261435
261469
261752
262126
262699
262781
262887
265446
265768
266742
266773
266940
267323
268400
268427
268520
268811
270678
270685
271532
271701
272032
272484
272795
272824
273013
273178
273254
274351
275109
276072
277306
277797
277854
277870
281139
281258
281383
281629
281649
282237
282506
282557
282744
283319
284139
284673
284903
284991
285353
285570
285604
286494
286584
287171
287229
287890
288348
288701
289271
289525
289565
289982
290526
291072
291111
291874
293058
293253
293615
293688
295828
296574
296616
296739
296847
297945
299332
300379
300571
301128
301776
301958
302011
302615
303874
304319
304640
304786
307702
308127
308578
309432
309624
312213
312320
312649
312724
314302
315000
315125
315514
315690
315731
315867
315916
316326
317136
317893
318179
318396
318404
319026
320208
320270
320686
321437
322115
322762
323080
323290
323793
323827
324090
324419
324913
325887
327605
328276
328582
328827
329283
329505
329859
331548
332677
332970
333045
333430
335121
335210
335310
335927
336894
336963
336993
337725
338300
338349
338427
338456
339608
339938
340345
340346
341851
344102
344322
344455
344943
345571
345586
346049
346206
348223
348602
349316
349918
351496
351650
352315
352617
352977
353034
354318
355489
355671
355819
356212
356557
356677
356898
357101
357113
357426
358109
358353
358389
358507
358540
359266
359315
359763
360365
360847
361014
361561
362053
362199
363574
363709
364292
364721
365045
365829
366062
366733
367817
368136
368505
368666
370009
370086
370698
370864
372274
372785
372955
373473
373954
374335
375205
375952
376604
378098
378536
379224
379332
379448
379467
380306
380409
382064
382174
383561
384021
384502
385398
386180
386362
387016
387063
387286
387766
387927
388113
388445
388791
388825
389985
390153
390675
391985
392253
393430
393462
393655
394451
395412
395673
395989
396165
397358
397726
397811
398563
398966
399040
399156
399535
399586
399676
401167
401993
402584
402594
404103
404760
404987
406579
406632
406895
407317
407497
408096
408825
409181
409873
409920
411288
411783
412176
412189
413644
414329
415009
415323
416058
416239
416615
416957
418503
418750
419452
420246
420813
421585
422014
422464
422473
422666
422671
423467
423563
423606
424859
424949
425213
425989
426351
426426
428876
429063
429931
429999
430961
431175
432010
434042
434537
434954
436578
437789
438356
439007
439114
439136
439603
439615
440025
440325
440905
441027
442346
442685
443125
443198
444565
445785
446637
446795
447303
447701
447910
448069
449178
449204
449398
449472
450485
450532
450536
451478
451671
452107
455414
455637
455743
455756
455757
455927
456524
458829
459498
460773
461004
461789
462472
463834
464448
464835
465539
465618
465827
467862
468045
468667
471023
471174
471894
472826
473551
474660
474774
474797
475420
476087
477411
477785
477792
478524
478720
479200
479583
480095
480138
481990
483215
483301
483440
484486
484618
484866
485052
485278
485929
487339
488106
488433
488924
490434
490586
493875
493893
493896
494303
494770
495242
495648
496154
496656
496699
497009
498171
498577
499005
499390
499414
500316
500534
501528
501595
502879
503432
504288
504888
505592
505805
506448
506904
506919
507600
508117
508426
508929
509432
509508
509727
510265
513051
513133
513212
513687
514255
515090
515560
516245
517100
518625
518657
518684
519668
519768
519782
520161
521036
521195
522694
523952
524169
524250
524550
525665
526080
527000
527060
527634
528713
529023
529280
529446
529620
530578
530689
532152
532423
532610
532882
533433
535172
535336
535473
535888
536046
536098
536128
536225
536752
536900
537164
538231
538237
539712
539725
540360
540608
541366
542517
542578
542687
543890
545351
545515
545757
546208
548140
548154
548333
549363
550330
550378
550574
551597
552563
552669
552946
553225
553882
554029
554119
554159
554935
555529
555584
555750
556048
556379
556754
556891
557507
557648
558170
558201
560079
562363
562920
563200
564181
564330
564690
564712
565205
565473
565941
566159
566298
566350
566394
566666
566888
566905
568763
569984
570198
570290
570569
570688
572229
574163
574380
574887
576008
577677
577736
578004
578653
578870
579005
579796
580849
581310
581657
582242
582696
583189
583400
583870
584554
584843
585271
585366
585561
586148
586395
586749
588718
588750
588913
589137
589267
589342
589382
589496
589855
589857
591067
591229
592663
593663
594024
594038
595011
596435
597799
597944
598385
598655
598657
598993
599336
599383
599795
599851
600162
600542
600996
601845
601942
602017
602925
604703
604952
605215
605923
606081
606348
606516
607335
607458
608654
608745
609491
609546
609671
609798
609861
610171
610784
610926
611294
611437
611826
613013
613093
614146
614905
614947
615223
615375
615540
615645
615811
616127
616371
617128
617551
619093
619340
619796
620512
621360
621380
621486
621668
621708
621738
622084
622253
622779
622916
623048
623377
623830
623896
624201
624253
624275
624766
624858
625365
625673
625796
626155
628170
628527
628653
628686
629138
629295
630786
631508
632112
632203
632356
632463
633327
633363
633707
633757
634249
634665
634893
634916
636392
636551
636594
637571
637879
638042
638195
638473
638664
638827
639006
639158
639166
640321
641269
641500
644038
644155
644490
645217
645472
645668
645721
646040
646747
647455
647891
648067
648734
649056
649452
649533
649683
650178
650439
650532
650623
651029
651364
651895
653105
653189
654270
654789
655438
655663
655889
656928
657243
657475
657799
658311
659442
659799
659814
660117
660237
660543
660657
661090
661181
661882
661883
662845
663196
663237
663377
663477
663925
664330
664762
664808
665379
665640
665747
666425
667863
667888
668155
668162
668587
669881
670606
670992
671162
671716
671894
672417
672880
673572
673654
673991
674853
674914
675367
677313
678272
678475
678860
679693
679819
680008
681137
682557
682581
682731
682934
683435
683470
683725
683831
684407
684953
685518
685662
686084
686281
686744
687466
688112
688453
688811
688912
690072
690199
690643
690907
691541
692005
692381
693275
693458
693681
693877
695375
696187
696511
696827
696901
697917
698302
699068
699526
699853
701090
701261
701543
701560
701817
702558
704427
704700
704842
704870
706267
707238
708731
709277
709352
709976
711297
711371
712807
713157
713228
713279
713915
714918
715659
715918
717261
718451
718736
718964
718973
719866
720496
720610
721661
722042
722273
722791
723086
724333
724708
725230
727449
730311
730592
732056
732284
732435
733457
734249
735273
736261
737107
737522
740228
740524
741646
741737
744046
744309
744546
744990
745640
745791
748608
748640
748802
748996
749325
750404
750491
750918
753009
753033
753296
753875
754378
756450
757758
758107
758232
758378
759548
759876
761711
761717
762081
762174
762197
762362
762942
763279
763619
763626
764732
765048
765308
765667
765678
765680
769335
769362
769785
770625
770750
770753
770769
771518
772740
772853
772903
773347
773865
774510
774666
774792
775031
775661
776630
777685
777897
778190
778777
779150
780613
781189
781439
784888
786202
786845
787180
787920
788152
791356
791710
792579
793687
793715
795043
795855
796985
798615
798768
799129
799500
800617
800646
801555
802319
802638
803091
803286
803576
804207
805430
806119
806487
806497
806582
806748
806945
807057
807396
807888
809472
809669
810918
811400
811731
812286
812776
813183
814333
815091
815685
816085
816699
816707
816746
817742
820211
820623
823687
823724
824221
825912
827060
827322
827639
828025
828351
828370
829744
830954
831417
833799
834305
834431
835530
835989
836873
836899
837438
838321
839399
840243
840486
841066
841898
841975
842944
842970
843773
844843
845112
845890
846064
847119
848692
850319
850656
851486
851522
852114
854781
856199
856433
856468
856571
857482
857793
857914
858648
858655
859054
859182
860396
861571
862965
863245
863400
863500
863911
864395
864709
865085
865189
865280
865350
865419
866872
867044
867399
867405
868177
868266
868855
869585
869782
870211
870353
870531
870880
871326
871339
871392
871959
872270
874979
875024
875108
876264
876299
877905
880440
880497
880619
880963
880990
881108
881392
881885
882178
882799
884866
885340
885481
886298
887673
887812
888081
888279
889840
891133
891146
891275
891356
891622
891846
892176
892562
892904
893185
897065
897192
899065
899258
899755
900314
900502
900743
900918
901415
901700
902326
902596
903492
903591
903692
903761
906656
907132
907971
909222
909397
909876
910615
910987
911240
911304
911387
911432
912426
912622
913284
913966
913971
914291
914339
914503
914730
916948
917090
917806
918629
919451
919506
919729
919774
920150
920285
920433
920795
920908
921147
921426
921660
922895
923563
924048
924115
924148
924397
924617
926118
926175
927593
927821
929528
929694
930006
930171
932537
934252
934738
934892
935142
935421
937224
939380
939904
940653
941101
941570
941834
942242
942706
944545
944594
944704
946754
947549
948741
949636
950784
951121
952537
952741
953042
953269
953451
953964
955458
956616
957226
958012
959022
959228
959578
959963
960061
960369
960405
961518
961649
961682
962669
963288
964477
964675
965044
965324
965784
966413
966690
966798
969352
969973
970067
970536
970568
972817
972990
973461
974089
974328
974426
975003
975532
975940
975965
977546
977913
978511
978563
978924
979232
979376
979500
980907
980910
980971
981531
982094
982392
983549
984080
984299
984376
986434
987286
987332
987427
987621
987809
987877
988492
989324
989350
989773
990718
991050
992791
993096
993429
993691
994105
994182
994946
995749
996120
996129
997384
998696
999036
