206
2192
3345
4850
5250
7502
7969
9030
11271
13838
17261
18105
18590
20666
21686
22016
22322
22359
23209
24159
24594
26289
27027
28091
28973
30718
32500
34013
34571
37166
41702
42340
43591
48527
49222
50321
50709
52053
52524
55450
55997
56417
57311
57701
58068
59301
59639
64680
64810
66086
66316
67033
67434
67723
69062
69827
69870
70661
71513
71714
72685
72721
72914
73194
74171
74880
75371
76399
76670
78127
78738
79297
80930
81695
85643
85772
86118
86126
86876
88751
89641
91719
92597
92668
93676
94551
94989
95251
95587
95611
96332
97412
98421
98716
100268
101469
103452
103710
108681
110076
112289
114553
115687
120325
121882
123182
123667
123703
124792
125780
127544
127917
128264
128904
129868
130628
133954
135824
136993
137446
141893
142254
143404
144438
148460
150034
150126
152703
153145
155334
155356
156986
158522
158726
161074
166802
171149
171456
172221
176221
178732
179404
179558
179576
180171
183413
184223
185211
189003
191382
193021
200109
200459
201253
202779
209915
210298
212287
212390
216917
217282
218336
219179
219795
220369
222629
223657
225698
226606
227183
227551
229130
231238
231336
231778
232998
234529
235487
235830
236087
236696
237106
237408
237914
238391
238816
239164
239678
240177
241762
242864
243051
243878
244204
244433
244519
244876
246062
246185
247157
247211
247460
247683
248120
250873
251386
251938
251990
251993
252013
252249
252268
253424
253911
254844
255686
255917
259810
260536
260797
261061
263088
264760
266074
268512
269691
270173
270665
272709
273831
274026
274302
274351
278303
279917
283789
286293
287336
289724
289788
289866
292584
294339
295007
296766
297691
302011
303920
305233
307106
311263
312649
312751
316049
316800
317903
320686
322965
323229
327602
328582
333467
334234
335310
335891
338300
338908
338989
339938
340345
340346
340620
341717
342522
345586
346180
349321
351650
353757
355819
356319
357101
357113
357657
357788
358540
359664
359763
359833
361655
362053
362199
362775
363832
364292
364649
367057
367817
368136
369701
370595
370945
371278
372274
373473
374335
377531
378536
379224
380504
381755
382064
383059
385670
385917
387286
387766
388113
393430
395673
395800
396784
397358
397726
399040
399156
399586
401167
402160
404103
404987
405893
405985
406579
406895
407926
408096
409305
411783
412060
415009
416557
417560
417979
418000
418377
418402
421575
427109
427408
427896
428074
428317
429761
430248
431684
436578
439615
440487
440774
440905
442794
443198
443642
446377
446637
450105
450532
454042
455057
456315
456524
460993
461789
465566
465991
466028
467367
467862
468319
468445
471059
471156
471174
471307
471894
475420
475766
478720
479583
480095
480942
481990
482558
483215
483330
484618
485929
488433
494244
494312
496154
497590
498577
498810
499390
501528
503432
504053
504288
504818
504819
506919
508929
509508
511533
512173
516245
517040
517786
521036
521892
523115
523863
524250
527000
527347
527634
528000
528713
530689
532423
533369
533433
535888
537894
538339
541366
542472
542578
543890
544155
544620
545757
547743
548140
548333
552563
552946
552998
553225
553873
554029
555529
557773
564143
567492
568763
570198
570688
573851
574096
577677
578004
579796
580747
580849
581310
581657
582496
584479
584843
585561
585836
588718
588913
589267
589857
591067
592663
593663
597941
599335
599336
600996
601050
601845
602017
604068
607913
608674
609368
609491
609546
609861
610171
610926
611294
611779
613093
614146
615500
615686
615811
617128
617175
617198
618256
619093
621380
622084
622253
622779
623377
624275
625365
625796
628295
629138
629295
632112
632203
632463
633422
634665
635333
637571
637999
638042
638427
638473
638664
638848
639158
640397
641008
641075
641269
641599
644419
644435
644487
644659
644914
645217
648067
648734
649452
650178
650532
653189
653501
654270
654789
656042
656928
657243
657475
659814
660237
661181
662116
662925
663196
663237
663477
663925
664031
665640
666773
669829
669881
670992
671162
671894
672417
673572
673654
673991
675721
676998
678272
678475
678860
680285
681137
682934
683831
684011
684953
685518
686084
686281
686744
687466
689015
690072
690178
691541
692005
693458
696187
696996
698404
699853
700174
700516
701075
701261
701543
702677
704700
704842
704870
706267
707618
708199
708731
708926
710241
711514
715659
716026
718736
718907
718964
719584
719866
720449
721693
722690
722891
722896
724844
725541
727443
730974
731529
732522
742177
743424
747201
747362
747987
748691
748996
749048
749619
750639
751788
755038
755225
755824
758155
758232
759548
759645
760790
761495
767086
768498
770167
771018
771918
772804
772853
775661
776461
777074
782025
783216
783686
785253
787063
788152
788708
791125
792819
793715
796386
796827
797594
798093
798212
804207
808917
811857
811865
813372
814600
814728
816427
818489
820573
822140
825098
825707
829092
834986
835530
836822
839274
841189
845204
854372
854781
857914
858648
860640
863245
864395
865189
865350
866167
866872
867229
867399
867405
868177
871326
871959
876264
877183
880619
881396
881885
882799
884866
886298
886970
889020
897045
897453
899065
899258
899543
900314
900502
900806
904368
905336
906369
907132
907588
907613
907926
908973
912622
913861
913966
915425
916786
917806
919729
920261
921660
925883
926118
930006
933704
934892
935142
937392
940653
944594
953042
956521
957226
958318
962669
963501
963715
964675
966413
966690
967112
968036
968282
973826
976283
977464
978368
978563
979500
980719
980732
983209
985492
986483
987809
988209
988953
990718
991507
992283
993035
993171
995749
995853
