206
2192
2290
3345
4850
9030
9050
10147
11271
13838
14524
16861
17261
18105
18590
19197
20666
21686
21945
22016
22322
22359
23209
24159
24594
26289
26557
26671
27027
28091
28973
30718
32500
34013
34571
36716
37166
41702
42340
43591
46790
48527
50296
50321
50709
50873
50901
51198
51294
52053
52360
52524
52870
52944
55450
55997
56417
57701
57803
58068
58842
59301
59487
59639
61832
62826
63266
64680
64810
64994
66086
66316
67033
67434
67721
67723
69062
69827
69870
70661
71513
71714
72685
72721
72914
73194
74171
74880
75371
76399
76670
78127
78738
79297
80930
81695
82002
85643
85772
86118
86126
86876
88751
88939
89641
92138
92444
92597
92668
93676
94551
94989
95251
95587
95611
96332
97412
98421
98716
100268
103452
103710
108681
110076
110709
112289
113947
114553
115455
115687
119343
120325
121882
122297
123182
123667
123703
123722
124400
124792
125780
127544
127566
127917
128264
128904
129154
129868
130628
133954
135824
136845
137446
139662
141893
142254
143404
144438
145126
148021
148460
149796
150034
150126
150863
151078
152703
153145
155334
155356
156986
158522
158726
160020
161019
161074
164833
164851
165321
166760
166802
171149
171456
171637
172221
172846
176221
178732
179329
179404
179558
179576
180171
181069
183413
184223
185211
187553
187684
191241
191382
192966
193021
196702
199359
200109
200459
201253
202779
205671
208407
208678
209268
209915
210298
210380
212287
212390
213836
214311
215657
216917
217282
217535
218336
219179
219795
220369
222629
223657
223872
225047
225698
225981
226606
227118
227183
227551
231238
231336
231778
232998
233367
234529
235487
235830
236087
236696
237106
237408
237914
238391
238816
239164
239678
241762
242864
243051
244204
244433
244519
244876
245202
245427
246062
246185
246432
247157
247211
247460
248120
248755
250440
250738
250784
250873
251386
251938
251990
251993
252013
252249
252268
253424
253911
254844
255686
255917
260536
260625
260797
261061
263088
264760
265306
266074
267323
268512
269691
270173
270665
272709
273013
273254
273831
274026
274302
274351
275209
277854
278303
279917
280639
281649
283789
284177
286293
286395
289724
292584
294339
295007
296766
297691
299695
302011
303920
305233
307106
310298
311263
312491
312649
312739
312751
315916
316049
316800
317903
318127
319762
320686
323229
328060
328582
328827
328989
329505
330938
333467
334234
335310
335891
336963
337725
338300
338908
338989
339608
339938
340345
340346
340620
342470
342522
345586
346180
349321
351650
352617
353757
355819
357101
357113
357426
357657
357788
358540
359664
359763
359833
361655
362053
362199
362775
363832
364292
367057
367817
368136
370595
370945
371278
372274
372955
373473
374335
375057
377531
378536
379224
380504
381120
381755
382064
385670
385917
387240
387286
387766
388113
389089
393430
393462
395673
395800
396784
397358
397726
398887
399040
399156
399586
401167
402160
404103
404987
405893
405985
406579
406784
406895
407122
407926
408096
409305
410917
411783
412060
413780
415009
416557
417560
417979
418402
421575
427109
427285
427408
427896
428074
428317
430248
431254
431684
436578
439615
440249
440487
440774
440905
443198
443642
446637
450105
450532
453447
454042
455057
456315
456524
460993
461789
465566
465991
466028
467367
467862
468319
468445
471059
471156
471174
471307
471894
475420
478720
479583
480095
480274
480942
481990
483215
483330
484486
484618
485929
486117
486833
488433
492428
494244
494312
495856
496154
497590
498577
498810
499390
501528
503432
504053
504288
504818
504819
504964
506919
508124
508929
509508
509801
511957
512173
512896
516245
517040
517786
518646
519769
521036
521892
524250
525670
525821
527000
527347
527634
528000
528713
530689
532148
532423
533433
534336
535888
537894
541366
542472
542578
542625
542719
543890
544155
544620
545757
547287
547743
548140
548333
548994
550482
552563
552946
552998
553225
553873
554029
555529
559964
560936
563395
564143
564229
564877
567492
568039
568763
569734
570198
570337
570688
572021
573851
573993
577677
578004
579796
580849
581310
581657
582496
582752
583611
583734
584843
585561
586084
588718
588913
589267
589354
589857
590649
591067
592663
593663
595769
597941
599336
600996
601050
601237
601845
601966
602017
602694
604068
604156
608674
609195
609491
609546
609861
610171
610926
611294
611779
612852
613093
614146
615500
615686
615811
616031
617128
617198
618130
618256
619093
621380
622084
622253
622779
623377
624275
625365
625796
627275
628295
629138
629295
632112
632203
632463
633422
634665
635333
637571
637999
638042
638427
638473
638664
638848
639158
640397
641075
641269
641599
644419
644435
644487
644659
644914
645217
648067
648600
648734
649452
650178
650532
653189
654270
654398
654789
656242
656928
657243
657475
659814
660237
661181
662116
662925
663196
663237
663477
663925
664031
665640
666773
669829
669881
670621
670992
671162
671894
672417
673572
673654
673991
675721
676015
678272
678475
678860
680285
681007
681137
682934
683831
684011
684953
685518
686084
686281
686744
687466
689015
690072
691142
691541
692005
692149
693458
696187
696985
696996
699853
700174
701075
701261
701543
702994
704700
704842
704870
706267
708199
708731
708808
708926
710241
710436
711514
715072
715073
715659
716026
717742
717843
718736
718746
718907
718964
719092
719399
719584
719866
720170
720449
721693
722690
722891
722896
724703
725163
725541
727443
727967
728889
728893
730974
731529
732522
736473
737664
738078
742177
743424
743625
745349
747201
747362
747987
748996
749048
749619
750639
750651
751788
755038
755225
756437
758155
758232
758613
759548
759645
760790
761298
761479
761495
762381
764753
768498
769787
770167
770483
771918
772804
772853
773940
775595
775661
775906
776461
777074
777959
779058
782025
783216
783686
784847
785253
786224
787063
788080
788152
788184
788708
791125
791818
792819
792921
793715
796386
796827
797594
798093
801274
801834
803039
803908
804207
808245
808917
810103
810534
811865
813372
813959
814600
816427
818489
822140
825707
827919
830241
831627
834918
835403
835530
836822
839274
841189
845204
854372
854781
857860
857914
858648
860544
860640
862120
863098
863245
864395
865189
865350
865590
866167
866872
867229
867399
867405
868177
871326
871959
875248
876264
877183
880619
881396
881885
882799
884866
886298
889020
894246
897453
898551
899065
899258
899543
900314
900502
900806
904368
905336
907132
907588
907613
907753
907926
908973
912122
912622
912951
913861
913930
913966
915425
915465
916786
917806
919729
920261
921660
922104
925883
926118
928130
930006
934892
935142
940653
944594
945614
953042
954685
957226
958318
962669
963501
964675
966413
966690
967112
968036
968282
973819
973826
975997
976283
977464
978368
978563
979500
980554
980719
980732
983209
983346
985492
987809
988209
988953
990718
992283
992868
993035
993171
995749
999405
